time, epoch, batch_idx, loss
0.25112500000000004, 0, 0, 6.908496379852295
5.463401000000001, 0, 25, 4.408125400543213
10.627444, 0, 50, 2.5051229000091553
15.811507, 0, 75, 2.3888533115386963
20.988667999999997, 0, 100, 2.3841543197631836
26.412012999999998, 0, 125, 2.3548195362091064
31.613149999999997, 0, 150, 2.3301403522491455
36.801297999999996, 0, 175, 2.3563153743743896
41.868963, 0, 200, 2.3902368545532227
47.416308, 0, 225, 2.344876766204834
52.740728, 0, 250, 2.3302667140960693
58.146706, 0, 275, 2.3654210567474365
63.642413000000005, 0, 300, 2.3080763816833496
69.252561, 0, 325, 2.312432050704956
74.493933, 0, 350, 2.244591236114502
79.595001, 0, 375, 2.242504119873047
87.216258, 1, 0, 2.329888105392456
92.613935, 1, 25, 2.244884729385376
97.79782, 1, 50, 2.3079535961151123
103.06165899999999, 1, 75, 2.2248728275299072
108.528531, 1, 100, 2.194403648376465
114.068912, 1, 125, 2.210681200027466
119.264032, 1, 150, 2.1295583248138428
124.58422399999999, 1, 175, 2.155705690383911
129.78674500000002, 1, 200, 2.083857536315918
135.24473500000002, 1, 225, 2.0653998851776123
140.58662700000002, 1, 250, 2.0268876552581787
145.854431, 1, 275, 2.0676300525665283
151.194003, 1, 300, 2.0480477809906006
156.47307400000003, 1, 325, 2.035061836242676
161.57330800000003, 1, 350, 1.9887607097625732
166.980309, 1, 375, 2.0215933322906494
173.71206, 2, 0, 2.026763677597046
179.223405, 2, 25, 2.068840265274048
184.434682, 2, 50, 1.997833013534546
189.508134, 2, 75, 2.033864974975586
194.66547, 2, 100, 2.0092267990112305
200.13348200000001, 2, 125, 1.9771744012832642
205.252687, 2, 150, 1.986584186553955
210.39295, 2, 175, 1.9028981924057007
215.482473, 2, 200, 2.107656717300415
220.951949, 2, 225, 2.002976894378662
226.188097, 2, 250, 1.8466618061065674
231.31817500000002, 2, 275, 1.9815142154693604
236.57770000000002, 2, 300, 1.8853647708892822
242.051973, 2, 325, 1.8501179218292236
247.22846, 2, 350, 1.8668888807296753
252.231005, 2, 375, 1.8515504598617554
260.94408200000004, 3, 0, 1.9257988929748535
266.25214900000003, 3, 25, 1.8335860967636108
271.443506, 3, 50, 1.883437156677246
276.631254, 3, 75, 1.8470538854599
281.971675, 3, 100, 1.8210989236831665
287.44020900000004, 3, 125, 1.7758679389953613
292.82128900000004, 3, 150, 1.890599012374878
297.890098, 3, 175, 1.9018193483352661
303.002813, 3, 200, 1.9461997747421265
308.502179, 3, 225, 1.9538493156433105
313.929535, 3, 250, 1.7443692684173584
319.229149, 3, 275, 1.6676268577575684
324.39885000000004, 3, 300, 1.7932754755020142
329.744031, 3, 325, 1.8024924993515015
334.900385, 3, 350, 1.927409291267395
340.103674, 3, 375, 1.9248254299163818
348.72846200000004, 4, 0, 1.745657205581665
354.149539, 4, 25, 1.828342080116272
359.467935, 4, 50, 1.9039965867996216
364.702645, 4, 75, 1.8463560342788696
370.022856, 4, 100, 1.7856899499893188
375.749732, 4, 125, 1.63482666015625
380.951541, 4, 150, 1.834701657295227
385.956991, 4, 175, 1.8189105987548828
391.113859, 4, 200, 1.8739813566207886
396.563897, 4, 225, 1.821103811264038
401.636314, 4, 250, 1.832356333732605
406.749837, 4, 275, 1.739153265953064
411.837291, 4, 300, 1.7015873193740845
417.067256, 4, 325, 1.9122896194458008
422.370081, 4, 350, 1.6857277154922485
427.806591, 4, 375, 1.79693603515625
436.608786, 5, 0, 1.7663702964782715
442.05320900000004, 5, 25, 1.7115250825881958
447.338135, 5, 50, 1.766969084739685
452.44358900000003, 5, 75, 1.6776196956634521
457.561319, 5, 100, 1.719527006149292
462.84490600000004, 5, 125, 1.6223342418670654
468.065765, 5, 150, 1.6767674684524536
473.512579, 5, 175, 1.5812615156173706
479.084928, 5, 200, 1.8047080039978027
484.481037, 5, 225, 1.7431156635284424
489.73721900000004, 5, 250, 1.7019917964935303
494.903179, 5, 275, 1.5174598693847656
500.278341, 5, 300, 1.6317157745361328
505.68226, 5, 325, 1.7803874015808105
511.083562, 5, 350, 1.6024200916290283
516.239688, 5, 375, 1.6306859254837036
524.880647, 6, 0, 1.7684534788131714
530.427385, 6, 25, 1.547370195388794
535.728701, 6, 50, 1.7329286336898804
540.8301409999999, 6, 75, 1.561202049255371
546.0475379999999, 6, 100, 1.6426784992218018
551.521091, 6, 125, 1.6474523544311523
556.6469069999999, 6, 150, 1.800506353378296
561.8392399999999, 6, 175, 1.649461269378662
566.9071409999999, 6, 200, 1.5783084630966187
572.216471, 6, 225, 1.651116132736206
577.38497, 6, 250, 1.8099217414855957
582.512424, 6, 275, 1.4849965572357178
587.717775, 6, 300, 1.7882354259490967
593.132212, 6, 325, 1.6259101629257202
598.333225, 6, 350, 1.62790846824646
603.4727359999999, 6, 375, 1.526717185974121
612.420083, 7, 0, 1.5588912963867188
617.9684219999999, 7, 25, 1.5877083539962769
623.0992259999999, 7, 50, 1.7047141790390015
628.4724649999999, 7, 75, 1.6776068210601807
633.729024, 7, 100, 1.5798923969268799
639.0692449999999, 7, 125, 1.7461072206497192
644.309055, 7, 150, 1.5462678670883179
649.687596, 7, 175, 1.629777193069458
654.9671579999999, 7, 200, 1.7483395338058472
660.4764429999999, 7, 225, 1.6088757514953613
665.792289, 7, 250, 1.606413722038269
671.2150879999999, 7, 275, 1.5358803272247314
676.27554, 7, 300, 1.6971402168273926
681.8693099999999, 7, 325, 1.4718804359436035
687.323896, 7, 350, 1.4939734935760498
692.492526, 7, 375, 1.5975407361984253
701.158072, 8, 0, 1.4544363021850586
706.4856159999999, 8, 25, 1.722623348236084
711.6598799999999, 8, 50, 1.5205246210098267
717.0133549999999, 8, 75, 1.5992270708084106
722.2261659999999, 8, 100, 1.5055474042892456
727.58989, 8, 125, 1.5342583656311035
732.725435, 8, 150, 1.5361452102661133
737.823629, 8, 175, 1.4931296110153198
743.0969259999999, 8, 200, 1.6669399738311768
748.3220359999999, 8, 225, 1.5284926891326904
753.501134, 8, 250, 1.6077302694320679
758.725298, 8, 275, 1.6234852075576782
763.926984, 8, 300, 1.7641783952713013
769.502543, 8, 325, 1.3719285726547241
774.7952359999999, 8, 350, 1.3821752071380615
780.1269279999999, 8, 375, 1.3703346252441406
789.068555, 9, 0, 1.4957208633422852
794.376442, 9, 25, 1.4563536643981934
799.460425, 9, 50, 1.5444533824920654
804.7595359999999, 9, 75, 1.4753104448318481
810.061259, 9, 100, 1.5470291376113892
815.4622929999999, 9, 125, 1.316422939300537
820.706694, 9, 150, 1.5333713293075562
825.986535, 9, 175, 1.391393780708313
831.124747, 9, 200, 1.5064045190811157
836.560702, 9, 225, 1.5316760540008545
841.7548009999999, 9, 250, 1.415036678314209
846.8859239999999, 9, 275, 1.492104172706604
851.9665789999999, 9, 300, 1.574931263923645
857.353034, 9, 325, 1.5562740564346313
862.576731, 9, 350, 1.3394663333892822
867.7986539999999, 9, 375, 1.3389291763305664
876.4367729999999, 10, 0, 1.6151374578475952
881.8498079999999, 10, 25, 1.4500935077667236
887.15226, 10, 50, 1.4132972955703735
892.26407, 10, 75, 1.5676438808441162
897.3746189999999, 10, 100, 1.3776986598968506
902.7796559999999, 10, 125, 1.3267167806625366
908.0786079999999, 10, 150, 1.4388244152069092
913.197734, 10, 175, 1.5443178415298462
918.353901, 10, 200, 1.453688621520996
923.705577, 10, 225, 1.5696932077407837
928.985112, 10, 250, 1.4572064876556396
934.320935, 10, 275, 1.620262861251831
939.617267, 10, 300, 1.4768996238708496
944.910754, 10, 325, 1.3863763809204102
950.0727029999999, 10, 350, 1.506861686706543
955.2110799999999, 10, 375, 1.3971775770187378
963.8736739999999, 11, 0, 1.3988865613937378
969.2251759999999, 11, 25, 1.546125054359436
974.437958, 11, 50, 1.567993402481079
979.668777, 11, 75, 1.7104405164718628
984.918338, 11, 100, 1.25798761844635
990.580912, 11, 125, 1.4831433296203613
996.168193, 11, 150, 1.307639479637146
1001.494426, 11, 175, 1.3469995260238647
1006.859697, 11, 200, 1.3469059467315674
1012.186826, 11, 225, 1.4148144721984863
1017.509653, 11, 250, 1.5409424304962158
1022.7578560000001, 11, 275, 1.4813013076782227
1027.972585, 11, 300, 1.4547168016433716
1033.3188, 11, 325, 1.46207594871521
1038.3863700000002, 11, 350, 1.4370017051696777
1043.492733, 11, 375, 1.4740777015686035
1052.454611, 12, 0, 1.61622953414917
1057.68398, 12, 25, 1.5723145008087158
1062.873642, 12, 50, 1.4346826076507568
1068.09347, 12, 75, 1.5291213989257812
1073.217306, 12, 100, 1.3744550943374634
1078.709595, 12, 125, 1.274625539779663
1083.84985, 12, 150, 1.4313666820526123
1089.2575080000001, 12, 175, 1.2804514169692993
1094.790992, 12, 200, 1.6607586145401
1100.202182, 12, 225, 1.4982237815856934
1105.213843, 12, 250, 1.265838384628296
1110.3613360000002, 12, 275, 1.3137528896331787
1115.6683050000001, 12, 300, 1.3274970054626465
1121.0128610000002, 12, 325, 1.3649404048919678
1126.186111, 12, 350, 1.4646949768066406
1131.376776, 12, 375, 1.3670077323913574
1140.209861, 13, 0, 1.2659204006195068
1145.6543530000001, 13, 25, 1.3851767778396606
1150.909684, 13, 50, 1.6293240785598755
1156.1058970000001, 13, 75, 1.3986597061157227
1161.3588, 13, 100, 1.4976294040679932
1166.7887230000001, 13, 125, 1.2913814783096313
1171.9562720000001, 13, 150, 1.142977237701416
1177.192681, 13, 175, 1.302355170249939
1182.5116360000002, 13, 200, 1.1816943883895874
1187.832862, 13, 225, 1.206686019897461
1193.100927, 13, 250, 1.4532108306884766
1198.36032, 13, 275, 1.2976871728897095
1203.567286, 13, 300, 1.370128870010376
1208.928767, 13, 325, 1.3412173986434937
1214.2383280000001, 13, 350, 1.4255925416946411
1219.414215, 13, 375, 1.346909523010254
1228.4022610000002, 14, 0, 1.4981918334960938
1233.596868, 14, 25, 1.3989226818084717
1238.775664, 14, 50, 1.2057936191558838
1243.860468, 14, 75, 1.509852647781372
1249.092697, 14, 100, 1.3191801309585571
1254.545854, 14, 125, 1.4033830165863037
1259.828058, 14, 150, 1.414000391960144
1265.024647, 14, 175, 1.5480901002883911
1270.1900580000001, 14, 200, 1.4071868658065796
1275.473514, 14, 225, 1.431696891784668
1280.4714700000002, 14, 250, 1.3093513250350952
1285.684979, 14, 275, 1.4206411838531494
1290.938634, 14, 300, 1.4249728918075562
1296.2220770000001, 14, 325, 1.4133650064468384
1301.543678, 14, 350, 1.4137871265411377
1306.810024, 14, 375, 1.1183946132659912
1315.5944160000001, 15, 0, 1.4704736471176147
1321.039418, 15, 25, 1.247103214263916
1326.2873160000001, 15, 50, 1.2272629737854004
1331.526133, 15, 75, 1.2255735397338867
1336.756266, 15, 100, 1.3758087158203125
1342.338166, 15, 125, 1.512708306312561
1347.560177, 15, 150, 1.2462152242660522
1352.793032, 15, 175, 1.3534380197525024
1358.04727, 15, 200, 1.472254753112793
1363.4867350000002, 15, 225, 1.2583026885986328
1368.550238, 15, 250, 1.3978917598724365
1373.969255, 15, 275, 1.3606290817260742
1379.1544020000001, 15, 300, 1.3232614994049072
1384.390639, 15, 325, 1.284165382385254
1389.630582, 15, 350, 1.388836145401001
1394.923479, 15, 375, 1.2486944198608398
1403.9623780000002, 16, 0, 1.1567682027816772
1409.172191, 16, 25, 1.4931535720825195
1414.347768, 16, 50, 1.1354504823684692
1419.373484, 16, 75, 1.2668691873550415
1424.739546, 16, 100, 1.361372470855713
1430.085732, 16, 125, 1.2338663339614868
1435.2019030000001, 16, 150, 1.1494133472442627
1440.5056510000002, 16, 175, 1.127936601638794
1445.790054, 16, 200, 1.1793577671051025
1451.261653, 16, 225, 1.179894208908081
1456.450575, 16, 250, 1.217672348022461
1461.458568, 16, 275, 1.069210410118103
1466.8243810000001, 16, 300, 1.1440476179122925
1472.3033130000001, 16, 325, 1.4116064310073853
1477.590128, 16, 350, 1.189141035079956
1482.623216, 16, 375, 1.1135427951812744
1491.52663, 17, 0, 1.363386869430542
1496.89747, 17, 25, 1.091025710105896
1502.109963, 17, 50, 1.3095202445983887
1507.376948, 17, 75, 1.274705171585083
1512.614195, 17, 100, 1.218753457069397
1517.892613, 17, 125, 1.2560980319976807
1523.102065, 17, 150, 1.2621755599975586
1528.398778, 17, 175, 1.3478953838348389
1533.623346, 17, 200, 1.294962763786316
1539.255419, 17, 225, 1.2963942289352417
1544.5411390000002, 17, 250, 1.0700441598892212
1549.5896500000001, 17, 275, 1.310049057006836
1554.686537, 17, 300, 1.3430593013763428
1559.9928340000001, 17, 325, 1.2161245346069336
1565.2392380000001, 17, 350, 1.2153325080871582
1570.457752, 17, 375, 1.3183960914611816
1579.268311, 18, 0, 1.0617010593414307
1584.6716700000002, 18, 25, 1.1149893999099731
1589.866759, 18, 50, 1.1413565874099731
1594.8921990000001, 18, 75, 1.2576905488967896
1599.947034, 18, 100, 1.3316898345947266
1605.357179, 18, 125, 1.4717371463775635
1610.5922420000002, 18, 150, 1.2971962690353394
1616.010539, 18, 175, 1.2028976678848267
1621.369273, 18, 200, 1.1420594453811646
1626.8931790000001, 18, 225, 1.191542148590088
1632.329974, 18, 250, 1.0252324342727661
1637.796247, 18, 275, 1.3925343751907349
1643.2789360000002, 18, 300, 1.2035977840423584
1648.6091720000002, 18, 325, 1.0322320461273193
1653.739581, 18, 350, 1.1158369779586792
1658.907198, 18, 375, 1.2975128889083862
1667.732663, 19, 0, 1.2184499502182007
1672.9179020000001, 19, 25, 1.1688734292984009
1678.1199370000002, 19, 50, 1.499443531036377
1683.372314, 19, 75, 1.4377628564834595
1688.729422, 19, 100, 1.0275427103042603
1694.317843, 19, 125, 1.1554760932922363
1699.4711810000001, 19, 150, 1.249356985092163
1704.665639, 19, 175, 1.2468793392181396
1710.0030570000001, 19, 200, 1.1658003330230713
1715.256773, 19, 225, 1.2581511735916138
1720.4624210000002, 19, 250, 1.260382056236267
1725.508514, 19, 275, 1.2654142379760742
1730.546934, 19, 300, 1.6501458883285522
1735.9243900000001, 19, 325, 1.2349883317947388
1741.284668, 19, 350, 1.0808260440826416
1746.478032, 19, 375, 1.0905332565307617
1755.0220160000001, 20, 0, 1.3436540365219116
1760.4334880000001, 20, 25, 1.179916262626648
1765.6037330000001, 20, 50, 0.9903620481491089
1770.777039, 20, 75, 1.267307162284851
1775.9113220000002, 20, 100, 1.218142032623291
1781.4152510000001, 20, 125, 1.2611770629882812
1786.4532370000002, 20, 150, 1.097078800201416
1791.732743, 20, 175, 1.4458632469177246
1797.075657, 20, 200, 1.1270408630371094
1802.443315, 20, 225, 1.1616257429122925
1807.474723, 20, 250, 1.4127715826034546
1812.7205270000002, 20, 275, 1.2861465215682983
1817.9024900000002, 20, 300, 1.2055913209915161
1823.265903, 20, 325, 1.095299243927002
1828.42532, 20, 350, 1.0929789543151855
1833.505994, 20, 375, 1.1406418085098267
1842.2020690000002, 21, 0, 1.5509384870529175
1847.54511, 21, 25, 1.031667709350586
1852.695044, 21, 50, 1.089871883392334
1857.828085, 21, 75, 1.1436995267868042
1862.9234450000001, 21, 100, 1.2755931615829468
1868.183665, 21, 125, 1.0483832359313965
1873.335525, 21, 150, 1.1399401426315308
1878.555806, 21, 175, 1.1675747632980347
1883.757018, 21, 200, 1.1674621105194092
1889.061091, 21, 225, 1.1832228899002075
1894.25131, 21, 250, 1.3166145086288452
1899.375421, 21, 275, 1.1944217681884766
1904.528427, 21, 300, 1.0812106132507324
1909.826172, 21, 325, 1.1819363832473755
1914.851823, 21, 350, 1.2614099979400635
1919.9534350000001, 21, 375, 1.1630280017852783
1928.695623, 22, 0, 1.1468778848648071
1934.343313, 22, 25, 1.0376209020614624
1939.347166, 22, 50, 1.099475383758545
1944.596957, 22, 75, 1.119104266166687
1949.8210740000002, 22, 100, 1.0216602087020874
1955.10988, 22, 125, 1.1797266006469727
1960.258174, 22, 150, 1.04513680934906
1965.4551960000001, 22, 175, 1.1858258247375488
1970.704469, 22, 200, 1.1083130836486816
1976.072427, 22, 225, 1.133800983428955
1981.181016, 22, 250, 1.190563440322876
1986.352091, 22, 275, 1.2401443719863892
1991.727847, 22, 300, 1.0743775367736816
1996.926248, 22, 325, 1.177075743675232
2002.204341, 22, 350, 1.1791491508483887
2007.292547, 22, 375, 1.1719233989715576
2016.230943, 23, 0, 1.1279470920562744
2021.547425, 23, 25, 1.2668023109436035
2026.691837, 23, 50, 1.0651113986968994
2031.8293620000002, 23, 75, 1.225050449371338
2037.152397, 23, 100, 1.2142328023910522
2042.552727, 23, 125, 1.2171798944473267
2047.8633590000002, 23, 150, 1.2525964975357056
2053.110752, 23, 175, 1.1311368942260742
2058.156154, 23, 200, 1.2206554412841797
2063.4764069999997, 23, 225, 1.151900053024292
2068.5663959999997, 23, 250, 0.9663764238357544
2073.9036979999996, 23, 275, 0.9497880935668945
2079.155696, 23, 300, 0.9671496748924255
2084.5501489999997, 23, 325, 1.0898455381393433
2089.7521629999997, 23, 350, 1.196848750114441
2094.878686, 23, 375, 1.2197153568267822
2103.70722, 24, 0, 1.074791669845581
2109.150975, 24, 25, 0.996451199054718
2114.5906449999998, 24, 50, 1.052091360092163
2119.722303, 24, 75, 1.1483491659164429
2124.9842249999997, 24, 100, 1.1731934547424316
2130.35205, 24, 125, 1.186907172203064
2135.4963989999997, 24, 150, 1.1556894779205322
2140.7389279999998, 24, 175, 1.0335499048233032
2145.9839469999997, 24, 200, 0.9314283728599548
2151.2662189999996, 24, 225, 1.066654086112976
2156.315583, 24, 250, 1.1216098070144653
2161.48983, 24, 275, 0.9827240109443665
2166.607447, 24, 300, 1.0721105337142944
2171.8422299999997, 24, 325, 1.0072391033172607
2177.026934, 24, 350, 1.2422592639923096
2182.323955, 24, 375, 1.3441247940063477
2191.4629219999997, 25, 0, 0.9868819117546082
2197.0340389999997, 25, 25, 1.2974250316619873
2202.317751, 25, 50, 0.9170944690704346
2207.6635119999996, 25, 75, 1.1547770500183105
2212.707563, 25, 100, 1.1269721984863281
2218.2416329999996, 25, 125, 1.3151941299438477
2223.5506109999997, 25, 150, 1.0523920059204102
2228.807339, 25, 175, 1.2143808603286743
2234.1498279999996, 25, 200, 1.1777065992355347
2240.079326, 25, 225, 1.1084506511688232
2245.489055, 25, 250, 1.3305699825286865
2250.738642, 25, 275, 1.031362533569336
2255.8648559999997, 25, 300, 1.2499021291732788
2261.254708, 25, 325, 1.018331527709961
2266.678799, 25, 350, 1.195504903793335
2272.105611, 25, 375, 1.1626100540161133
2281.313488, 26, 0, 0.8983418345451355
2286.590456, 26, 25, 1.1115314960479736
2291.710413, 26, 50, 1.0540205240249634
2297.0396969999997, 26, 75, 0.889604389667511
2302.068273, 26, 100, 1.214727759361267
2307.4931619999998, 26, 125, 1.0515893697738647
2312.6201889999998, 26, 150, 1.166884422302246
2318.0215869999997, 26, 175, 1.5434637069702148
2323.346459, 26, 200, 1.0812816619873047
2328.829093, 26, 225, 1.0664005279541016
2334.027863, 26, 250, 1.0091012716293335
2339.4164189999997, 26, 275, 1.185985803604126
2344.595483, 26, 300, 1.349313497543335
2350.043949, 26, 325, 1.437470555305481
2355.1012259999998, 26, 350, 1.0774672031402588
2360.1550829999996, 26, 375, 1.211883306503296
2368.660376, 27, 0, 1.1727237701416016
2374.051305, 27, 25, 0.9928966164588928
2379.242848, 27, 50, 0.9871277809143066
2384.41947, 27, 75, 1.031975507736206
2389.582594, 27, 100, 0.9918031096458435
2395.0002759999998, 27, 125, 0.9204990863800049
2400.071138, 27, 150, 1.2324914932250977
2405.3012329999997, 27, 175, 1.0225090980529785
2410.6610619999997, 27, 200, 1.091764211654663
2416.0761599999996, 27, 225, 1.103171467781067
2421.2147609999997, 27, 250, 1.1042449474334717
2426.590103, 27, 275, 1.1720975637435913
2431.6712199999997, 27, 300, 0.9399706721305847
2437.087799, 27, 325, 1.0393407344818115
2442.2908709999997, 27, 350, 1.1448346376419067
2447.449143, 27, 375, 1.228676199913025
2456.238035, 28, 0, 0.9784600734710693
2461.559437, 28, 25, 0.8679735660552979
2466.717562, 28, 50, 1.0657892227172852
2471.964352, 28, 75, 1.090323567390442
2477.167414, 28, 100, 1.070339322090149
2482.8369209999996, 28, 125, 0.9637490510940552
2487.7608619999996, 28, 150, 0.8666915893554688
2493.1852599999997, 28, 175, 1.068767786026001
2498.335162, 28, 200, 1.1599452495574951
2503.6351999999997, 28, 225, 1.3567769527435303
2508.9142309999997, 28, 250, 0.9326257705688477
2514.1255079999996, 28, 275, 1.0926040410995483
2519.391267, 28, 300, 0.9876006841659546
2524.7814829999998, 28, 325, 1.0794322490692139
2529.7722129999997, 28, 350, 0.9734419584274292
2535.05213, 28, 375, 1.1161187887191772
2543.806935, 29, 0, 1.2744064331054688
2549.5333659999997, 29, 25, 1.0817756652832031
2555.215518, 29, 50, 1.0597913265228271
2560.545119, 29, 75, 1.1350040435791016
2565.7736109999996, 29, 100, 0.9739071130752563
2571.33711, 29, 125, 1.095880389213562
2576.5995089999997, 29, 150, 0.9895497560501099
2582.146833, 29, 175, 1.0223101377487183
2587.4841939999997, 29, 200, 1.0322128534317017
2592.9366, 29, 225, 1.0089693069458008
2598.0209449999998, 29, 250, 0.8512797951698303
2603.258399, 29, 275, 1.1053788661956787
2608.540224, 29, 300, 0.9170928001403809
2613.964774, 29, 325, 1.0533791780471802
2619.062312, 29, 350, 1.0241283178329468
2624.252974, 29, 375, 1.015552282333374
