time, epoch, batch_idx, loss
0.23404000000000025, 0, 0, 6.908165454864502
5.275899000000001, 0, 25, 3.7214388847351074
10.091743, 0, 50, 3.345261812210083
14.917103999999998, 0, 75, 3.9364516735076904
19.758806, 0, 100, 3.445988655090332
24.811532, 0, 125, 3.623354911804199
29.669023000000003, 0, 150, 3.711322069168091
34.500982, 0, 175, 3.2734262943267822
39.341601, 0, 200, 3.402284860610962
44.307223, 0, 225, 3.3502049446105957
49.137488, 0, 250, 3.2759482860565186
54.020958, 0, 275, 3.4405786991119385
58.985098, 0, 300, 3.1757619380950928
64.05700200000001, 0, 325, 3.0347330570220947
69.057736, 0, 350, 3.4469685554504395
74.07301100000001, 0, 375, 3.1667416095733643
80.339292, 1, 0, 2.965519666671753
85.49852800000001, 1, 25, 3.1288375854492188
90.58189700000001, 1, 50, 2.914841413497925
95.601984, 1, 75, 3.3808233737945557
100.641062, 1, 100, 2.7975258827209473
105.843528, 1, 125, 3.3689980506896973
110.86557, 1, 150, 3.3829524517059326
115.83586100000001, 1, 175, 3.4059505462646484
120.78614200000001, 1, 200, 3.6236941814422607
125.95037500000001, 1, 225, 3.0961360931396484
131.095254, 1, 250, 3.187748432159424
136.10908600000002, 1, 275, 3.216905117034912
141.107171, 1, 300, 3.314143657684326
146.246194, 1, 325, 3.3484108448028564
151.224008, 1, 350, 3.360964775085449
156.312731, 1, 375, 3.054410934448242
162.615196, 2, 0, 3.0337581634521484
167.656195, 2, 25, 2.6566197872161865
172.570525, 2, 50, 3.3194637298583984
177.459878, 2, 75, 3.0878610610961914
182.34349600000002, 2, 100, 2.4825754165649414
187.47143400000002, 2, 125, 3.4191131591796875
192.378454, 2, 150, 2.9279263019561768
197.234128, 2, 175, 2.906447172164917
202.123996, 2, 200, 2.6140997409820557
207.191406, 2, 225, 2.98922061920166
212.092543, 2, 250, 2.769388198852539
216.97930100000002, 2, 275, 3.1141111850738525
221.91184, 2, 300, 2.807839870452881
227.026069, 2, 325, 2.9506003856658936
231.914443, 2, 350, 3.267235040664673
236.81774000000001, 2, 375, 2.8628666400909424
245.04063100000002, 3, 0, 3.312269449234009
250.25087000000002, 3, 25, 3.1994783878326416
255.415509, 3, 50, 3.383213520050049
260.480059, 3, 75, 2.8544998168945312
265.558871, 3, 100, 2.955009937286377
270.755878, 3, 125, 3.109894275665283
275.817736, 3, 150, 3.200310707092285
280.793681, 3, 175, 2.63322377204895
285.796895, 3, 200, 3.43279767036438
291.039407, 3, 225, 3.0751118659973145
296.046034, 3, 250, 2.5672261714935303
301.052039, 3, 275, 2.863884687423706
306.089422, 3, 300, 2.9111926555633545
311.256198, 3, 325, 2.843759536743164
316.25145000000003, 3, 350, 2.936903953552246
321.26086300000003, 3, 375, 2.6100943088531494
329.549965, 4, 0, 2.709843158721924
334.578625, 4, 25, 2.9498062133789062
339.470259, 4, 50, 2.426579475402832
344.43763, 4, 75, 2.9411780834198
349.333863, 4, 100, 3.2360451221466064
354.378896, 4, 125, 3.1361043453216553
359.213652, 4, 150, 2.70371675491333
364.056775, 4, 175, 3.0649499893188477
368.984748, 4, 200, 3.024561882019043
373.982574, 4, 225, 3.006720542907715
378.953919, 4, 250, 3.0821282863616943
383.89203200000003, 4, 275, 2.839672803878784
388.774108, 4, 300, 2.7961487770080566
393.79852900000003, 4, 325, 2.41677188873291
398.64909900000004, 4, 350, 2.9342756271362305
403.511999, 4, 375, 2.714735507965088
409.664859, 5, 0, 2.6006267070770264
414.870396, 5, 25, 2.895052194595337
419.872866, 5, 50, 2.954237699508667
424.90324200000003, 5, 75, 3.087559938430786
429.962712, 5, 100, 2.8351857662200928
435.144258, 5, 125, 2.533207654953003
440.116999, 5, 150, 2.471334457397461
445.065005, 5, 175, 2.0111377239227295
450.105191, 5, 200, 2.314655303955078
455.273692, 5, 225, 2.3462612628936768
460.309828, 5, 250, 2.602034330368042
465.39032000000003, 5, 275, 2.243807315826416
470.430742, 5, 300, 1.7985948324203491
475.638778, 5, 325, 2.124063491821289
480.666091, 5, 350, 2.313488245010376
485.68874900000003, 5, 375, 2.2138025760650635
491.970018, 6, 0, 2.0853331089019775
496.998552, 6, 25, 1.9799505472183228
501.862887, 6, 50, 2.033442258834839
506.724212, 6, 75, 2.0963187217712402
511.632265, 6, 100, 2.2276713848114014
516.6425929999999, 6, 125, 1.704746127128601
521.442367, 6, 150, 2.2519519329071045
526.253033, 6, 175, 2.284344434738159
531.123793, 6, 200, 2.023205280303955
536.124188, 6, 225, 2.3249690532684326
540.9767039999999, 6, 250, 2.2939929962158203
545.84699, 6, 275, 1.7569315433502197
550.745831, 6, 300, 2.1590993404388428
555.774824, 6, 325, 2.179410457611084
560.6239539999999, 6, 350, 1.863860845565796
565.489701, 6, 375, 1.7615243196487427
573.176523, 7, 0, 2.303382396697998
578.4184789999999, 7, 25, 2.4172966480255127
583.4736399999999, 7, 50, 2.13220477104187
588.5530859999999, 7, 75, 1.9396342039108276
593.595462, 7, 100, 1.9753302335739136
598.760372, 7, 125, 1.979339361190796
603.756045, 7, 150, 2.049039602279663
608.752839, 7, 175, 1.9302430152893066
613.7491789999999, 7, 200, 2.0213513374328613
618.9044889999999, 7, 225, 2.0644800662994385
623.959031, 7, 250, 2.418992280960083
628.987459, 7, 275, 2.2691171169281006
634.0779839999999, 7, 300, 2.218902826309204
639.238211, 7, 325, 2.182208299636841
644.241448, 7, 350, 2.2914347648620605
649.2612889999999, 7, 375, 2.3007330894470215
657.577319, 8, 0, 2.076077699661255
662.595472, 8, 25, 2.1720380783081055
667.4364979999999, 8, 50, 2.1220903396606445
672.284942, 8, 75, 1.8309595584869385
677.160318, 8, 100, 2.2967753410339355
682.096694, 8, 125, 2.0376341342926025
686.956434, 8, 150, 1.715118169784546
691.8752099999999, 8, 175, 2.2058260440826416
696.7902469999999, 8, 200, 1.8680851459503174
701.8132119999999, 8, 225, 2.2150251865386963
706.655272, 8, 250, 2.0743813514709473
711.495364, 8, 275, 1.897905945777893
716.3207759999999, 8, 300, 1.8093661069869995
721.343848, 8, 325, 1.9979547262191772
726.186658, 8, 350, 2.4995663166046143
731.042293, 8, 375, 2.045276641845703
738.705923, 9, 0, 2.324467182159424
743.862348, 9, 25, 2.129164934158325
748.860011, 9, 50, 2.1770143508911133
753.8941299999999, 9, 75, 1.8006267547607422
758.9259129999999, 9, 100, 1.8234938383102417
764.0520499999999, 9, 125, 2.3711438179016113
769.1340759999999, 9, 150, 1.918150782585144
774.187052, 9, 175, 1.9116026163101196
779.1806429999999, 9, 200, 2.003844738006592
784.339805, 9, 225, 2.497122287750244
789.3315719999999, 9, 250, 2.0413780212402344
794.327008, 9, 275, 2.1655867099761963
799.318954, 9, 300, 2.1376752853393555
804.47543, 9, 325, 1.8693996667861938
809.469978, 9, 350, 2.172107219696045
814.47816, 9, 375, 2.026746988296509
827.7791659999999, 10, 25, 2.731196165084839
837.3041129999999, 10, 75, 2.4427149295806885
847.0574369999999, 10, 125, 2.3921597003936768
856.501131, 10, 175, 1.979515552520752
866.135764, 10, 225, 2.1752004623413086
875.7334519999999, 10, 275, 2.3799145221710205
885.3751739999999, 10, 325, 1.9156639575958252
894.862036, 10, 375, 1.9424787759780884
908.018298, 11, 25, 1.904343605041504
917.9248809999999, 11, 75, 1.7259466648101807
927.860064, 11, 125, 2.359125852584839
937.606461, 11, 175, 2.0290894508361816
947.5733849999999, 11, 225, 2.0677103996276855
957.4269889999999, 11, 275, 1.8404815196990967
967.4166879999999, 11, 325, 1.9318476915359497
977.379101, 11, 375, 2.008037805557251
990.473119, 12, 25, 2.009521245956421
1000.1098519999999, 12, 75, 2.0587804317474365
1009.708621, 12, 125, 2.1014456748962402
1019.1729029999999, 12, 175, 2.0474045276641846
1028.780682, 12, 225, 1.7302241325378418
1038.220035, 12, 275, 2.0469272136688232
1047.862406, 12, 325, 2.388554096221924
1057.31933, 12, 375, 2.105316638946533
1069.962168, 13, 25, 1.8443561792373657
1079.768609, 13, 75, 1.6468416452407837
1089.658175, 13, 125, 1.9416730403900146
1099.491721, 13, 175, 1.8794803619384766
1109.419142, 13, 225, 1.878493309020996
1119.194565, 13, 275, 2.1080708503723145
1129.15967, 13, 325, 1.6863653659820557
1139.023372, 13, 375, 1.8954849243164062
1150.598137, 14, 25, 2.1654562950134277
1160.0762, 14, 75, 2.0239853858947754
1169.685168, 14, 125, 2.0455329418182373
1179.226993, 14, 175, 1.4340087175369263
1188.814041, 14, 225, 1.554814100265503
1198.379594, 14, 275, 2.1140387058258057
1208.01704, 14, 325, 2.340022325515747
1217.471201, 14, 375, 1.8994905948638916
1229.647113, 15, 25, 30.042884826660156
1248.7970790000002, 15, 125, nan
1267.9281270000001, 15, 225, nan
1286.99097, 15, 325, nan
1318.625424, 16, 75, nan
1337.013159, 16, 175, nan
1355.519319, 16, 275, nan
1373.9748200000001, 16, 375, nan
1386.896692, 17, 25, nan
1406.005398, 17, 125, nan
1425.157061, 17, 225, nan
1444.235199, 17, 325, nan
1475.7649840000001, 18, 75, nan
1494.33402, 18, 175, nan
1512.877616, 18, 275, nan
1531.337469, 18, 375, nan
1544.218978, 19, 25, nan
1563.338234, 19, 125, nan
1582.4319990000001, 19, 225, nan
1601.5244870000001, 19, 325, nan
1633.039405, 20, 75, nan
1651.4213240000001, 20, 175, nan
1669.938206, 20, 275, nan
1688.409846, 20, 375, nan
1701.4639100000002, 21, 25, nan
1720.5627510000002, 21, 125, nan
1739.546448, 21, 225, nan
1758.5503780000001, 21, 325, nan
1789.927668, 22, 75, nan
1808.312648, 22, 175, nan
1826.72078, 22, 275, nan
1845.1817720000001, 22, 375, nan
1858.0604050000002, 23, 25, nan
1877.128541, 23, 125, nan
1896.1224750000001, 23, 225, nan
1915.255603, 23, 325, nan
1946.9385160000002, 24, 75, nan
1965.4355580000001, 24, 175, nan
1983.877163, 24, 275, nan
2002.384557, 24, 375, nan
2015.313288, 25, 25, nan
2053.257074, 25, 225, nan
2103.67922, 26, 75, nan
2140.712973, 26, 275, nan
2191.104503, 27, 125, nan
2229.336723, 27, 325, nan
2279.865644, 28, 175, nan
2316.858321, 28, 375, nan
2329.990534, 29, 25, nan
2368.311315, 29, 225, nan
