time, epoch, batch_idx, loss
0.27651999999999965, 0, 0, 6.895730495452881
5.784747999999999, 0, 25, 3.3180577754974365
10.998493999999999, 0, 50, 2.8309783935546875
16.054105, 0, 75, 2.3920035362243652
21.199353, 0, 100, 2.4618847370147705
26.606018, 0, 125, 2.318763256072998
31.682478, 0, 150, 2.327827215194702
36.885046, 0, 175, 2.336286783218384
42.110829, 0, 200, 2.323835611343384
47.505369, 0, 225, 2.3089287281036377
52.637616, 0, 250, 2.253748893737793
57.79294, 0, 275, 2.167133331298828
63.05081, 0, 300, 2.1043806076049805
68.461301, 0, 325, 2.0837974548339844
73.725148, 0, 350, 2.1530566215515137
78.994719, 0, 375, 2.1620967388153076
82.203038, 1, 0, 2.150669574737549
87.34433200000001, 1, 25, 1.9618169069290161
92.40556000000001, 1, 50, 2.1307127475738525
97.645252, 1, 75, 2.10477876663208
102.909729, 1, 100, 2.057035446166992
108.403779, 1, 125, 2.0723793506622314
113.713108, 1, 150, 1.992865800857544
118.85022000000001, 1, 175, 2.072972536087036
124.158831, 1, 200, 1.8884639739990234
129.675322, 1, 225, 1.9192211627960205
134.99425699999998, 1, 250, 1.9995169639587402
140.24650699999998, 1, 275, 2.084312915802002
145.505735, 1, 300, 2.044381618499756
150.90817299999998, 1, 325, 1.9398647546768188
155.892586, 1, 350, 1.8970307111740112
161.101205, 1, 375, 1.9184238910675049
164.487483, 2, 0, 1.841659665107727
169.90762999999998, 2, 25, 2.197874069213867
175.12077599999998, 2, 50, 1.97373628616333
180.218087, 2, 75, 2.033625841140747
185.554294, 2, 100, 1.8569512367248535
190.813053, 2, 125, 1.9071911573410034
195.88455399999998, 2, 150, 1.851169228553772
201.17304, 2, 175, 1.7055176496505737
206.309452, 2, 200, 1.8230602741241455
211.516181, 2, 225, 1.801745891571045
216.732518, 2, 250, 1.7767620086669922
221.92212999999998, 2, 275, 1.8177995681762695
227.146347, 2, 300, 1.9019489288330078
232.625825, 2, 325, 1.763750672340393
237.889943, 2, 350, 1.7361853122711182
243.128783, 2, 375, 1.8564493656158447
246.471949, 3, 0, 1.7468478679656982
251.989714, 3, 25, 1.8069018125534058
257.150668, 3, 50, 1.9542181491851807
262.27958, 3, 75, 1.6403915882110596
267.918579, 3, 100, 1.7573190927505493
273.536383, 3, 125, 1.9139764308929443
278.93656000000004, 3, 150, 1.6956781148910522
284.324321, 3, 175, 1.8944557905197144
289.717531, 3, 200, 1.7975643873214722
294.95423900000003, 3, 225, 1.689559817314148
299.957091, 3, 250, 1.7867646217346191
305.360886, 3, 275, 1.7014985084533691
310.669209, 3, 300, 1.8833731412887573
316.18027, 3, 325, 1.7393795251846313
321.44590400000004, 3, 350, 1.5894291400909424
326.74429100000003, 3, 375, 1.7864888906478882
329.957305, 4, 0, 1.7295143604278564
335.417004, 4, 25, 1.8092637062072754
340.70270200000004, 4, 50, 1.7337576150894165
345.99237, 4, 75, 1.720575213432312
351.268123, 4, 100, 1.754857063293457
356.67960500000004, 4, 125, 1.817030668258667
361.901453, 4, 150, 1.6359069347381592
367.147279, 4, 175, 1.6393274068832397
372.52609900000004, 4, 200, 1.6815435886383057
377.997795, 4, 225, 1.6545852422714233
383.100699, 4, 250, 1.8090107440948486
388.227126, 4, 275, 1.6489602327346802
393.252455, 4, 300, 1.6949636936187744
398.630555, 4, 325, 1.5592012405395508
403.944927, 4, 350, 1.7836570739746094
409.129975, 4, 375, 1.593275547027588
412.296564, 5, 0, 1.660040259361267
417.786149, 5, 25, 1.7178133726119995
423.03396000000004, 5, 50, 1.7110930681228638
428.293674, 5, 75, 1.6234797239303589
433.54737900000003, 5, 100, 1.5906562805175781
439.00989300000003, 5, 125, 1.6480551958084106
444.287768, 5, 150, 1.5884562730789185
449.59432100000004, 5, 175, 1.6909419298171997
454.900996, 5, 200, 1.638190507888794
460.37424400000003, 5, 225, 1.6812527179718018
465.66203, 5, 250, 1.8275057077407837
470.940448, 5, 275, 1.6649044752120972
476.17884000000004, 5, 300, 1.49117910861969
481.711377, 5, 325, 1.7246758937835693
487.04325, 5, 350, 1.5441733598709106
492.357566, 5, 375, 1.5662795305252075
495.64328900000004, 6, 0, 1.5902403593063354
501.068016, 6, 25, 1.443522572517395
506.35672400000004, 6, 50, 1.3813836574554443
511.69752500000004, 6, 75, 1.7563987970352173
517.064249, 6, 100, 1.4961270093917847
522.592265, 6, 125, 1.5006537437438965
527.9743050000001, 6, 150, 1.4566789865493774
533.348329, 6, 175, 1.6384525299072266
538.644409, 6, 200, 1.642640233039856
544.187498, 6, 225, 1.5397382974624634
549.5151010000001, 6, 250, 1.6201845407485962
554.937171, 6, 275, 1.5243332386016846
560.356823, 6, 300, 1.4857546091079712
565.87497, 6, 325, 1.7108389139175415
571.294335, 6, 350, 1.4481089115142822
577.040346, 6, 375, 1.4965546131134033
580.438074, 7, 0, 1.6053937673568726
586.037989, 7, 25, 1.6139636039733887
591.427645, 7, 50, 1.5129530429840088
596.84414, 7, 75, 1.64401113986969
602.201396, 7, 100, 1.5503792762756348
607.785668, 7, 125, 1.356895923614502
613.204395, 7, 150, 1.4505500793457031
618.917942, 7, 175, 1.4140315055847168
624.5417600000001, 7, 200, 1.6318373680114746
630.114028, 7, 225, 1.4201186895370483
635.528599, 7, 250, 1.346631407737732
640.899637, 7, 275, 1.4530062675476074
646.27554, 7, 300, 1.505594253540039
651.80183, 7, 325, 1.283299207687378
657.035588, 7, 350, 1.3538963794708252
662.356078, 7, 375, 1.4614800214767456
665.665438, 8, 0, 1.5625214576721191
671.0829180000001, 8, 25, 1.3770416975021362
676.409495, 8, 50, 1.4371980428695679
681.719828, 8, 75, 1.495820164680481
687.05546, 8, 100, 1.4425849914550781
692.503856, 8, 125, 1.2309235334396362
697.846464, 8, 150, 1.3951492309570312
703.227667, 8, 175, 1.5650897026062012
708.544742, 8, 200, 1.5548897981643677
714.0123110000001, 8, 225, 1.4849917888641357
719.2493870000001, 8, 250, 1.309430718421936
724.515705, 8, 275, 1.5267301797866821
729.770204, 8, 300, 1.4381084442138672
735.262922, 8, 325, 1.3992958068847656
740.5530660000001, 8, 350, 1.4689140319824219
745.868754, 8, 375, 1.5374301671981812
749.19097, 9, 0, 1.4343857765197754
754.698926, 9, 25, 1.4032554626464844
759.983164, 9, 50, 1.4385465383529663
765.3540370000001, 9, 75, 1.3899575471878052
770.737838, 9, 100, 1.4736692905426025
776.214195, 9, 125, 1.382964015007019
781.586397, 9, 150, 1.4911034107208252
786.935196, 9, 175, 1.364400863647461
792.341389, 9, 200, 1.4766579866409302
797.938932, 9, 225, 1.512629747390747
803.304734, 9, 250, 1.310152530670166
808.67924, 9, 275, 1.3312219381332397
814.005995, 9, 300, 1.248214602470398
819.387726, 9, 325, 1.332857370376587
824.8255340000001, 9, 350, 1.4602171182632446
830.161657, 9, 375, 1.4558923244476318
833.525624, 10, 0, 1.3119550943374634
839.092577, 10, 25, 1.4219088554382324
844.496863, 10, 50, 1.4633512496948242
849.876223, 10, 75, 1.2701303958892822
855.347761, 10, 100, 1.128338098526001
860.949558, 10, 125, 1.2915408611297607
866.361004, 10, 150, 1.2872933149337769
871.68774, 10, 175, 1.4543251991271973
877.186041, 10, 200, 1.4113781452178955
883.438843, 10, 225, 1.1279836893081665
889.046296, 10, 250, 1.5377964973449707
894.648722, 10, 275, 1.3392411470413208
900.168255, 10, 300, 1.378268837928772
905.9893450000001, 10, 325, 1.3482297658920288
911.611522, 10, 350, 1.4244369268417358
917.264315, 10, 375, 1.3333122730255127
920.7849610000001, 11, 0, 1.2920483350753784
926.8589470000001, 11, 25, 1.2996925115585327
932.793836, 11, 50, 1.223764181137085
938.490704, 11, 75, 1.3272815942764282
944.125643, 11, 100, 1.5915701389312744
949.744964, 11, 125, 1.303996205329895
955.330357, 11, 150, 1.5457044839859009
961.090505, 11, 175, 1.45311439037323
966.717245, 11, 200, 1.271407961845398
972.494486, 11, 225, 1.4311503171920776
978.120638, 11, 250, 1.260691523551941
983.723569, 11, 275, 1.3382655382156372
989.383717, 11, 300, 1.337005853652954
995.206643, 11, 325, 1.2409082651138306
1000.834142, 11, 350, 1.3303442001342773
1006.613013, 11, 375, 1.4358055591583252
1010.17281, 12, 0, 1.2862269878387451
1015.896536, 12, 25, 1.4419081211090088
1021.5118620000001, 12, 50, 1.2261813879013062
1026.984273, 12, 75, 1.399712324142456
1032.614756, 12, 100, 1.288406252861023
1038.330559, 12, 125, 1.318742275238037
1043.809784, 12, 150, 1.2558681964874268
1049.318915, 12, 175, 1.280631184577942
1054.784104, 12, 200, 1.3575325012207031
1060.522549, 12, 225, 1.3869560956954956
1066.041161, 12, 250, 1.3167998790740967
1071.542461, 12, 275, 1.4728336334228516
1076.845896, 12, 300, 1.2407399415969849
1082.521, 12, 325, 1.256571888923645
1087.922583, 12, 350, 1.4199520349502563
1093.424864, 12, 375, 1.1814053058624268
1096.767811, 13, 0, 1.436819314956665
1102.354942, 13, 25, 1.2933858633041382
1107.746611, 13, 50, 1.5158216953277588
1113.189791, 13, 75, 1.2826189994812012
1118.523009, 13, 100, 1.277496576309204
1124.04637, 13, 125, 1.1522879600524902
1129.43125, 13, 150, 1.313907265663147
1134.7799, 13, 175, 1.2742682695388794
1140.0426360000001, 13, 200, 1.3218324184417725
1145.569498, 13, 225, 1.1197357177734375
1150.788635, 13, 250, 1.2941852807998657
1156.105398, 13, 275, 1.26167631149292
1161.452479, 13, 300, 1.4629311561584473
1167.06087, 13, 325, 1.3126895427703857
1172.462316, 13, 350, 1.4108794927597046
1177.935994, 13, 375, 1.1936368942260742
1181.449678, 14, 0, 1.2668960094451904
1187.127406, 14, 25, 1.2500202655792236
1192.882295, 14, 50, 1.4413676261901855
1198.247284, 14, 75, 1.1876158714294434
1203.362118, 14, 100, 1.1037334203720093
1208.912278, 14, 125, 1.2825833559036255
1214.247411, 14, 150, 1.3147590160369873
1219.565729, 14, 175, 1.318342924118042
1224.945438, 14, 200, 1.2669492959976196
1230.482353, 14, 225, 1.1791647672653198
1235.832524, 14, 250, 1.4736870527267456
1241.508096, 14, 275, 1.5001367330551147
1247.06408, 14, 300, 1.2132898569107056
1252.617578, 14, 325, 1.1394370794296265
1257.905908, 14, 350, 1.252180576324463
1263.314304, 14, 375, 1.2174761295318604
1266.747658, 15, 0, 1.190168023109436
1272.307828, 15, 25, 1.268683671951294
1277.674519, 15, 50, 1.1743801832199097
1283.045192, 15, 75, 1.3872642517089844
1288.3709880000001, 15, 100, 1.42722749710083
1293.861962, 15, 125, 1.1895891427993774
1299.217547, 15, 150, 1.2560498714447021
1304.547443, 15, 175, 1.4056980609893799
1309.879696, 15, 200, 1.297446846961975
1315.352265, 15, 225, 1.3759855031967163
1320.69983, 15, 250, 1.171152114868164
1326.02423, 15, 275, 1.504991054534912
1331.329754, 15, 300, 1.2731314897537231
1336.911093, 15, 325, 1.2804436683654785
1342.280367, 15, 350, 1.2644970417022705
1347.671253, 15, 375, 1.205956220626831
1350.910872, 16, 0, 1.4263910055160522
1356.477604, 16, 25, 1.1562440395355225
1361.873213, 16, 50, 1.156301498413086
1366.913444, 16, 75, 1.3124455213546753
1372.231338, 16, 100, 1.180031657218933
1377.80091, 16, 125, 1.533705234527588
1383.208083, 16, 150, 1.213265299797058
1388.6334630000001, 16, 175, 1.3015915155410767
1394.10384, 16, 200, 1.280847191810608
1399.845597, 16, 225, 1.2954708337783813
1405.207285, 16, 250, 1.351003646850586
1410.6579570000001, 16, 275, 1.4338124990463257
1416.000009, 16, 300, 1.3891657590866089
1421.6317530000001, 16, 325, 1.1249488592147827
1427.029482, 16, 350, 1.4183636903762817
1432.482469, 16, 375, 1.4743510484695435
1435.922213, 17, 0, 1.3713430166244507
1441.471912, 17, 25, 1.1777697801589966
1446.962562, 17, 50, 1.427077054977417
1452.49253, 17, 75, 1.2548483610153198
1458.011998, 17, 100, 1.3624598979949951
1463.741694, 17, 125, 1.3117053508758545
1469.260373, 17, 150, 1.3558145761489868
1474.555969, 17, 175, 1.2679575681686401
1480.1557500000001, 17, 200, 1.2427211999893188
1485.792513, 17, 225, 1.2295178174972534
1491.362408, 17, 250, 1.3099406957626343
1497.1486830000001, 17, 275, 1.096692442893982
1502.565445, 17, 300, 1.3728511333465576
1508.1777260000001, 17, 325, 1.078473448753357
1513.614295, 17, 350, 1.1652204990386963
1518.963209, 17, 375, 1.1612451076507568
1522.330134, 18, 0, 1.0898525714874268
1527.890591, 18, 25, 1.381763219833374
1533.100801, 18, 50, 1.1391315460205078
1538.445042, 18, 75, 1.1830265522003174
1543.825433, 18, 100, 1.2084593772888184
1549.528831, 18, 125, 1.2274856567382812
1555.129926, 18, 150, 1.3178856372833252
1560.701377, 18, 175, 1.2933762073516846
1565.916902, 18, 200, 0.9637885093688965
1571.516288, 18, 225, 1.1904000043869019
1576.857804, 18, 250, 1.3403857946395874
1582.176333, 18, 275, 1.1071734428405762
1587.521345, 18, 300, 1.15883207321167
1592.993336, 18, 325, 1.2710723876953125
1598.47413, 18, 350, 1.1364537477493286
1603.856769, 18, 375, 1.3379961252212524
1607.247918, 19, 0, 1.3071402311325073
1612.830243, 19, 25, 1.234258770942688
1618.2389620000001, 19, 50, 1.388627290725708
1623.433654, 19, 75, 1.2613797187805176
1628.781931, 19, 100, 1.172661542892456
1634.335678, 19, 125, 1.0525418519973755
1639.720476, 19, 150, 1.0996527671813965
1645.084272, 19, 175, 1.1181522607803345
1650.318329, 19, 200, 1.0144672393798828
1655.830361, 19, 225, 1.153880000114441
1661.223045, 19, 250, 1.358293056488037
1666.641546, 19, 275, 1.3172820806503296
1671.873667, 19, 300, 1.2319523096084595
1677.165907, 19, 325, 1.0517936944961548
1682.492121, 19, 350, 1.2273683547973633
1687.903442, 19, 375, 1.2053887844085693
1691.351353, 20, 0, 1.2974656820297241
1696.876587, 20, 25, 1.0596535205841064
1702.270199, 20, 50, 1.2216410636901855
1707.677999, 20, 75, 1.2164108753204346
1713.043114, 20, 100, 1.3456392288208008
1718.599121, 20, 125, 1.2200055122375488
1724.031807, 20, 150, 1.163462519645691
1729.406644, 20, 175, 1.211251974105835
1734.801583, 20, 200, 1.153062105178833
1740.248806, 20, 225, 1.0989327430725098
1745.629109, 20, 250, 1.2410436868667603
1750.997848, 20, 275, 1.2233420610427856
1756.39135, 20, 300, 1.3453269004821777
1761.927343, 20, 325, 1.2123374938964844
1767.21006, 20, 350, 1.2183464765548706
1772.555134, 20, 375, 1.372470736503601
1775.947578, 21, 0, 1.264897346496582
1781.53099, 21, 25, 1.349505066871643
1786.970077, 21, 50, 1.3148136138916016
1792.338321, 21, 75, 1.0497643947601318
1797.689734, 21, 100, 1.0727190971374512
1803.42911, 21, 125, 1.1694989204406738
1808.964825, 21, 150, 1.2342466115951538
1814.270667, 21, 175, 1.265031099319458
1819.511153, 21, 200, 1.200368881225586
1825.01602, 21, 225, 1.3530476093292236
1830.412448, 21, 250, 0.9754576086997986
1835.793916, 21, 275, 1.3555914163589478
1841.185146, 21, 300, 1.096462368965149
1846.757332, 21, 325, 1.0130785703659058
1852.073675, 21, 350, 1.2242090702056885
1857.458756, 21, 375, 1.06734037399292
1860.938289, 22, 0, 1.2747708559036255
1866.509445, 22, 25, 1.0709894895553589
1871.8479810000001, 22, 50, 1.1889369487762451
1877.173067, 22, 75, 1.261866569519043
1882.491027, 22, 100, 1.2844141721725464
1888.039136, 22, 125, 1.2130030393600464
1893.184441, 22, 150, 1.1855121850967407
1898.534874, 22, 175, 1.1135759353637695
1903.936647, 22, 200, 1.19200599193573
1909.305779, 22, 225, 1.1498732566833496
1914.622406, 22, 250, 1.1223865747451782
1919.87952, 22, 275, 1.1516873836517334
1925.206611, 22, 300, 1.1559925079345703
1930.624687, 22, 325, 1.1609838008880615
1935.9523550000001, 22, 350, 0.9822560548782349
1941.316053, 22, 375, 1.0108965635299683
1944.660341, 23, 0, 1.1235374212265015
1950.119884, 23, 25, 1.0550110340118408
1955.512508, 23, 50, 1.1290757656097412
1960.84966, 23, 75, 1.015432596206665
1966.159864, 23, 100, 1.0874624252319336
1971.657484, 23, 125, 1.1486048698425293
1977.039658, 23, 150, 1.182395100593567
1982.374927, 23, 175, 0.9386577606201172
1987.692112, 23, 200, 0.9972013235092163
1993.257586, 23, 225, 1.1672917604446411
1998.6472860000001, 23, 250, 1.166247010231018
2004.053812, 23, 275, 1.2775342464447021
2009.305279, 23, 300, 1.0808607339859009
2014.82705, 23, 325, 1.2979289293289185
2020.138614, 23, 350, 1.137420415878296
2025.467118, 23, 375, 1.1351680755615234
2028.820946, 24, 0, 1.2442322969436646
2034.325986, 24, 25, 1.2616875171661377
2039.725382, 24, 50, 1.1659934520721436
2045.049078, 24, 75, 1.1363569498062134
2050.450875, 24, 100, 1.0837339162826538
2055.857439, 24, 125, 1.1033835411071777
2061.206181, 24, 150, 0.879435122013092
2066.569168, 24, 175, 0.9417463541030884
2071.957656, 24, 200, 1.0680371522903442
2077.5475890000002, 24, 225, 1.0257296562194824
2083.002308, 24, 250, 1.1334600448608398
2088.380562, 24, 275, 1.2307990789413452
2093.760056, 24, 300, 1.161527395248413
2099.329763, 24, 325, 0.9313673973083496
2104.715314, 24, 350, 1.0789752006530762
2110.274857, 24, 375, 1.0432640314102173
2113.82354, 25, 0, 1.306699514389038
2119.292879, 25, 25, 1.1562411785125732
2124.551213, 25, 50, 1.0166782140731812
2129.961005, 25, 75, 1.0864466428756714
2135.377003, 25, 100, 1.1411018371582031
2140.854037, 25, 125, 1.1590542793273926
2146.169653, 25, 150, 1.0295459032058716
2151.544615, 25, 175, 1.2347933053970337
2157.015981, 25, 200, 1.1379438638687134
2162.467116, 25, 225, 1.090970754623413
2167.722787, 25, 250, 1.1535906791687012
2173.256005, 25, 275, 1.073062777519226
2178.816449, 25, 300, 1.0856125354766846
2184.270322, 25, 325, 1.2161259651184082
2189.589304, 25, 350, 1.1370362043380737
2194.924435, 25, 375, 1.212087631225586
2198.215887, 26, 0, 1.1663918495178223
2203.796072, 26, 25, 1.1385685205459595
2209.134775, 26, 50, 1.0171501636505127
2214.378079, 26, 75, 1.2768876552581787
2219.771433, 26, 100, 1.0181188583374023
2225.297326, 26, 125, 1.1417536735534668
2230.606823, 26, 150, 1.125074863433838
2235.8564930000002, 26, 175, 1.216434359550476
2241.16778, 26, 200, 1.0824098587036133
2246.71183, 26, 225, 1.0937919616699219
2252.090809, 26, 250, 1.1480737924575806
2257.488443, 26, 275, 1.1084208488464355
2262.85624, 26, 300, 0.992838442325592
2268.416277, 26, 325, 1.1581709384918213
2273.598122, 26, 350, 1.073309302330017
2278.967999, 26, 375, 1.1609309911727905
2282.383825, 27, 0, 1.0320004224777222
2287.940978, 27, 25, 1.1078534126281738
2293.418569, 27, 50, 1.1241190433502197
2298.806857, 27, 75, 1.0731604099273682
2304.253757, 27, 100, 0.9902178645133972
2309.823233, 27, 125, 1.1422507762908936
2315.347212, 27, 150, 1.1387078762054443
2320.76246, 27, 175, 1.1634511947631836
2326.178707, 27, 200, 0.9412767291069031
2331.7601760000002, 27, 225, 1.1625010967254639
2337.15679, 27, 250, 1.1442121267318726
2342.621961, 27, 275, 1.028883457183838
2347.965781, 27, 300, 1.089576005935669
2353.562012, 27, 325, 1.2616357803344727
2358.938325, 27, 350, 1.1363787651062012
2364.37185, 27, 375, 1.1754428148269653
2367.792584, 28, 0, 0.953167736530304
2373.2375700000002, 28, 25, 1.0522152185440063
2378.647219, 28, 50, 1.1503247022628784
2384.077282, 28, 75, 1.1926978826522827
2389.479922, 28, 100, 1.160019040107727
2395.043692, 28, 125, 0.9664420485496521
2400.439752, 28, 150, 1.060194969177246
2405.873459, 28, 175, 0.9905633926391602
2411.340441, 28, 200, 0.9191401600837708
2416.970618, 28, 225, 1.1631251573562622
2422.469358, 28, 250, 1.2003899812698364
2427.707348, 28, 275, 1.1883031129837036
2433.187708, 28, 300, 1.093467354774475
2438.850069, 28, 325, 1.2044744491577148
2444.348781, 28, 350, 1.0920069217681885
2449.698772, 28, 375, 1.1829211711883545
2453.126499, 29, 0, 0.9943633079528809
2458.792648, 29, 25, 0.904502272605896
2464.242076, 29, 50, 1.0722593069076538
2469.637578, 29, 75, 1.0914859771728516
2474.950749, 29, 100, 0.8678393959999084
2480.651184, 29, 125, 0.9703070521354675
2486.484111, 29, 150, 1.1496174335479736
2492.088046, 29, 175, 0.9169042110443115
2497.442488, 29, 200, 0.9026786088943481
2503.0332750000002, 29, 225, 0.9307330846786499
2508.480334, 29, 250, 1.0440030097961426
2513.832462, 29, 275, 0.9844095706939697
2519.205362, 29, 300, 1.0854512453079224
2524.611655, 29, 325, 1.3301823139190674
2530.017309, 29, 350, 0.9416651129722595
2535.416848, 29, 375, 1.294542670249939
