time, epoch, batch_idx, loss
0.2432059999999998, 0, 0, 6.902169227600098
5.309979, 0, 25, 3.738720178604126
10.156161, 0, 50, 3.1324028968811035
14.976517, 0, 75, 2.8697521686553955
19.841389999999997, 0, 100, 3.4290707111358643
24.94663, 0, 125, 2.982297420501709
29.853497, 0, 150, 3.156243085861206
34.741858, 0, 175, 2.9035685062408447
39.55707, 0, 200, 2.792679786682129
44.641248000000004, 0, 225, 2.7542028427124023
49.548562000000004, 0, 250, 2.721567392349243
54.401586, 0, 275, 2.7093255519866943
59.309450000000005, 0, 300, 2.375314474105835
64.36278, 0, 325, 2.669987916946411
69.285756, 0, 350, 3.0018699169158936
74.191023, 0, 375, 2.535090923309326
77.45049, 1, 0, 2.619485378265381
82.51007200000001, 1, 25, 2.5763063430786133
87.45712, 1, 50, 2.5637826919555664
92.382437, 1, 75, 2.780703067779541
97.365176, 1, 100, 2.2811129093170166
102.44228700000001, 1, 125, 2.6867573261260986
107.38999100000001, 1, 150, 2.3503270149230957
112.260534, 1, 175, 2.527878522872925
117.12494600000001, 1, 200, 2.4699831008911133
122.110919, 1, 225, 2.423973798751831
126.90653300000001, 1, 250, 2.1198158264160156
131.71685699999998, 1, 275, 2.2208242416381836
136.636036, 1, 300, 2.206820487976074
141.74382599999998, 1, 325, 2.578277111053467
146.64042099999998, 1, 350, 2.337246894836426
151.49579, 1, 375, 2.4618914127349854
154.53774299999998, 2, 0, 2.4688796997070312
159.523924, 2, 25, 2.415895700454712
164.382591, 2, 50, 2.482836961746216
169.24256899999997, 2, 75, 2.378830671310425
174.07531799999998, 2, 100, 2.542654037475586
179.08486399999998, 2, 125, 2.5524137020111084
183.930975, 2, 150, 2.395390510559082
188.75168699999998, 2, 175, 2.2752628326416016
193.60290099999997, 2, 200, 2.584975481033325
198.59055199999997, 2, 225, 2.639070749282837
203.39985499999997, 2, 250, 2.0861544609069824
208.17593, 2, 275, 1.9763182401657104
212.98915499999998, 2, 300, 1.922804594039917
218.050962, 2, 325, 2.3461532592773438
222.936501, 2, 350, 2.133429765701294
227.778177, 2, 375, 2.2927839756011963
230.85321299999998, 3, 0, 2.5665018558502197
235.87603099999998, 3, 25, 2.488762855529785
240.70118499999998, 3, 50, 2.2800631523132324
245.54607, 3, 75, 2.5083675384521484
250.373401, 3, 100, 2.618971347808838
255.41130799999996, 3, 125, 1.8370893001556396
260.305701, 3, 150, 2.272484064102173
265.19091399999996, 3, 175, 2.3300869464874268
270.05125499999997, 3, 200, 2.319535732269287
275.15946199999996, 3, 225, 2.1661837100982666
280.073076, 3, 250, 2.209843635559082
284.992259, 3, 275, 2.11625337600708
289.845104, 3, 300, 2.2664246559143066
294.848818, 3, 325, 2.4459028244018555
299.78869399999996, 3, 350, 2.103829860687256
304.737895, 3, 375, 2.1673717498779297
307.901397, 4, 0, 2.2335662841796875
312.94262299999997, 4, 25, 1.9678411483764648
317.812596, 4, 50, 1.9723950624465942
322.752928, 4, 75, 2.0715458393096924
327.72612799999996, 4, 100, 2.356194019317627
332.732022, 4, 125, 2.0346851348876953
337.578124, 4, 150, 2.1806535720825195
342.435192, 4, 175, 2.0758492946624756
347.310606, 4, 200, 2.0958263874053955
352.38732699999997, 4, 225, 2.510544776916504
357.27664999999996, 4, 250, 2.191904306411743
362.172424, 4, 275, 1.963106393814087
367.053467, 4, 300, 2.0696818828582764
372.080494, 4, 325, 2.05216646194458
376.913157, 4, 350, 2.500765800476074
381.798889, 4, 375, 2.5365161895751953
384.902754, 5, 0, 2.160958766937256
389.935484, 5, 25, 1.9183489084243774
394.784748, 5, 50, 1.9126092195510864
399.662923, 5, 75, 1.8982688188552856
404.516891, 5, 100, 2.1333699226379395
409.566472, 5, 125, 2.096289873123169
414.405237, 5, 150, 1.867079734802246
419.303706, 5, 175, 2.4934072494506836
424.09502, 5, 200, 2.3670620918273926
429.06426999999996, 5, 225, 2.333199977874756
433.90984299999997, 5, 250, 2.1708664894104004
438.709863, 5, 275, 2.093350887298584
443.534311, 5, 300, 2.0126585960388184
448.55017699999996, 5, 325, 2.0494396686553955
453.389361, 5, 350, 2.312066078186035
458.2292, 5, 375, 2.2813234329223633
461.26129299999997, 6, 0, 2.5236549377441406
466.257311, 6, 25, 2.127610206604004
471.094759, 6, 50, 1.9482969045639038
475.903582, 6, 75, 1.8880484104156494
480.78398, 6, 100, 2.23382830619812
485.724851, 6, 125, 1.8842132091522217
490.562646, 6, 150, 1.8163228034973145
495.372079, 6, 175, 1.8996760845184326
500.177342, 6, 200, 2.2249650955200195
505.144768, 6, 225, 2.249666452407837
509.97703499999994, 6, 250, 1.9266407489776611
514.770988, 6, 275, 2.314875841140747
519.561048, 6, 300, 2.0542025566101074
524.4950100000001, 6, 325, 2.134796380996704
529.290879, 6, 350, 2.0289969444274902
534.070233, 6, 375, 2.0884881019592285
537.0962340000001, 7, 0, 1.835382342338562
542.0640080000001, 7, 25, 1.906214714050293
546.909612, 7, 50, 1.9252971410751343
551.7340700000001, 7, 75, 1.918336272239685
556.5580600000001, 7, 100, 1.9235421419143677
561.532455, 7, 125, 2.097484827041626
566.348028, 7, 150, 1.8835594654083252
571.147673, 7, 175, 1.8820645809173584
575.974778, 7, 200, 2.0211920738220215
580.970191, 7, 225, 1.6770257949829102
585.786961, 7, 250, 2.070636749267578
590.6143810000001, 7, 275, 1.5984598398208618
595.434551, 7, 300, 2.397138833999634
600.502748, 7, 325, 1.9805479049682617
605.307365, 7, 350, 2.097243309020996
610.111439, 7, 375, 2.264049530029297
613.1803040000001, 8, 0, 1.7424771785736084
618.2602370000001, 8, 25, 1.639235258102417
623.1017840000001, 8, 50, 1.7538141012191772
627.93456, 8, 75, 1.5979777574539185
632.721082, 8, 100, 1.8970222473144531
637.709513, 8, 125, 1.8363755941390991
642.516424, 8, 150, 1.5275179147720337
647.307263, 8, 175, 1.492719292640686
652.112014, 8, 200, 1.8202831745147705
657.0748050000001, 8, 225, 2.566624164581299
661.8922560000001, 8, 250, 1.7636959552764893
666.728596, 8, 275, 1.911021113395691
671.573556, 8, 300, 2.2618911266326904
676.5547260000001, 8, 325, 2.180087089538574
681.3856780000001, 8, 350, 1.718760371208191
686.272068, 8, 375, 1.5390360355377197
689.34515, 9, 0, 1.6358627080917358
694.4325600000001, 9, 25, 2.1229875087738037
699.2563120000001, 9, 50, 2.2265076637268066
704.102341, 9, 75, 1.8159191608428955
709.0122220000001, 9, 100, 2.215346336364746
714.0140680000001, 9, 125, 2.047624349594116
718.825154, 9, 150, 1.9311769008636475
723.6482030000001, 9, 175, 2.002939224243164
728.4620590000001, 9, 200, 1.7752470970153809
733.458377, 9, 225, 1.9334768056869507
738.300825, 9, 250, 2.1840250492095947
743.14477, 9, 275, 2.0027036666870117
747.9557050000001, 9, 300, 1.6911873817443848
752.830087, 9, 325, 1.6372867822647095
757.8373260000001, 9, 350, 2.210087299346924
762.735178, 9, 375, 1.9864517450332642
765.780882, 10, 0, 2.2306551933288574
770.762959, 10, 25, 1.5990687608718872
775.632236, 10, 50, 1.9648422002792358
780.48572, 10, 75, 1.7789103984832764
785.361079, 10, 100, 2.3717963695526123
790.3719550000001, 10, 125, 1.815301775932312
795.2265900000001, 10, 150, 1.9074121713638306
800.067978, 10, 175, 1.956703782081604
804.968818, 10, 200, 1.626267910003662
809.952664, 10, 225, 1.920719027519226
814.815916, 10, 250, 1.8700084686279297
819.632963, 10, 275, 1.8409254550933838
824.474956, 10, 300, 2.222086191177368
829.4824480000001, 10, 325, 1.8546459674835205
834.276462, 10, 350, 2.088070869445801
839.06741, 10, 375, 1.9298224449157715
842.081771, 11, 0, 1.958433985710144
847.003697, 11, 25, 1.693175196647644
851.7671210000001, 11, 50, 1.8726004362106323
856.5275790000001, 11, 75, 2.0841293334960938
861.3481720000001, 11, 100, 1.9252829551696777
866.3506010000001, 11, 125, 1.75092613697052
871.177775, 11, 150, 1.792262315750122
876.0283320000001, 11, 175, 1.8816076517105103
880.906734, 11, 200, 1.9471142292022705
885.882775, 11, 225, 1.4321578741073608
890.704972, 11, 250, 1.786156415939331
895.507819, 11, 275, 1.6829280853271484
900.344024, 11, 300, 1.9781692028045654
905.41263, 11, 325, 1.7785261869430542
910.257319, 11, 350, 1.8360135555267334
915.0612540000001, 11, 375, 1.8254191875457764
918.069916, 12, 0, 1.4830983877182007
923.008092, 12, 25, 1.6089363098144531
927.767719, 12, 50, 2.108293056488037
932.492961, 12, 75, 1.7427964210510254
937.255026, 12, 100, 1.7154887914657593
942.2374030000001, 12, 125, 1.583146095275879
947.04026, 12, 150, 1.6535378694534302
951.8361050000001, 12, 175, 1.442753791809082
956.600146, 12, 200, 2.1793036460876465
961.538176, 12, 225, 1.7894436120986938
966.308208, 12, 250, 1.5993831157684326
971.1074160000001, 12, 275, 1.87803316116333
975.8735750000001, 12, 300, 1.6650960445404053
980.822213, 12, 325, 1.7368063926696777
985.588121, 12, 350, 2.073230743408203
990.3672150000001, 12, 375, 1.596194863319397
993.3734310000001, 13, 0, 1.9641791582107544
998.301562, 13, 25, 1.6200518608093262
1003.0660180000001, 13, 50, 1.68271005153656
1007.871672, 13, 75, 1.6174675226211548
1012.6169590000001, 13, 100, 1.5774126052856445
1017.4981150000001, 13, 125, 1.850785493850708
1022.281014, 13, 150, 2.1719295978546143
1027.180967, 13, 175, 2.0129129886627197
1031.981893, 13, 200, 1.8883306980133057
1036.9006279999999, 13, 225, 1.6154704093933105
1041.67507, 13, 250, 1.884420394897461
1046.443387, 13, 275, 1.8357136249542236
1051.2333589999998, 13, 300, 1.6758071184158325
1056.215179, 13, 325, 1.4849703311920166
1060.956351, 13, 350, 1.9523788690567017
1065.787718, 13, 375, 1.9755218029022217
1068.843601, 14, 0, 1.3562357425689697
1073.8547079999998, 14, 25, 1.666806936264038
1078.62159, 14, 50, 1.904178261756897
1083.408635, 14, 75, 1.305704951286316
1088.173503, 14, 100, 1.6678986549377441
1093.054209, 14, 125, 1.1812233924865723
1097.799321, 14, 150, 1.9801464080810547
1102.57296, 14, 175, 2.0331051349639893
1107.3380559999998, 14, 200, 2.0119025707244873
1112.288433, 14, 225, 1.5090185403823853
1117.0936769999998, 14, 250, 1.6668508052825928
1121.941738, 14, 275, 1.8367854356765747
1126.7031499999998, 14, 300, 1.8647305965423584
1131.62494, 14, 325, 1.693642020225525
1136.462846, 14, 350, 1.479954481124878
1141.322117, 14, 375, 1.8680428266525269
1144.3261, 15, 0, 1.3427196741104126
1149.2600519999999, 15, 25, 1.9318875074386597
1154.205719, 15, 50, 1.8420641422271729
1158.983012, 15, 75, 1.3521146774291992
1163.76139, 15, 100, 1.7564821243286133
1168.6685989999999, 15, 125, 1.9774073362350464
1173.39968, 15, 150, 1.785244107246399
1178.112603, 15, 175, 1.6574647426605225
1182.867808, 15, 200, 1.9108346700668335
1187.833512, 15, 225, 1.7978957891464233
1192.6161869999999, 15, 250, 1.7006025314331055
1197.4738459999999, 15, 275, 1.6784945726394653
1202.31432, 15, 300, 1.8539897203445435
1207.24966, 15, 325, 1.4823585748672485
1212.042222, 15, 350, 1.4931799173355103
1216.832162, 15, 375, 1.8248251676559448
1219.848397, 16, 0, 1.7119340896606445
1224.810634, 16, 25, 1.5130479335784912
1229.677181, 16, 50, 1.744308590888977
1234.4565619999998, 16, 75, 1.9137547016143799
1239.239783, 16, 100, 1.4459550380706787
1244.18329, 16, 125, 2.0138847827911377
1248.951996, 16, 150, 1.9597994089126587
1253.679077, 16, 175, 1.4538145065307617
1258.452216, 16, 200, 1.4581072330474854
1263.38566, 16, 225, 1.4481436014175415
1268.2188859999999, 16, 250, 1.3797519207000732
1273.042567, 16, 275, 1.440399169921875
1277.8459229999999, 16, 300, 2.069082260131836
1282.81836, 16, 325, 1.621993899345398
1287.6170969999998, 16, 350, 1.9148842096328735
1292.3741149999998, 16, 375, 2.0112762451171875
1295.402544, 17, 0, 1.239212989807129
1300.3366919999999, 17, 25, 1.673875093460083
1305.097227, 17, 50, 1.8843574523925781
1309.855454, 17, 75, 1.7811579704284668
1314.6532089999998, 17, 100, 1.7512686252593994
1319.630506, 17, 125, 1.660690426826477
1324.414685, 17, 150, 1.6276631355285645
1329.208177, 17, 175, 1.9018466472625732
1334.022774, 17, 200, 1.7015949487686157
1338.963681, 17, 225, 1.362319827079773
1343.741943, 17, 250, 1.8679496049880981
1348.520861, 17, 275, 1.4177730083465576
1353.39431, 17, 300, 1.2288920879364014
1358.339909, 17, 325, 1.3613276481628418
1363.1493739999999, 17, 350, 1.779212474822998
1367.9499469999998, 17, 375, 2.1015069484710693
1370.992705, 18, 0, 1.4987660646438599
1376.023546, 18, 25, 1.4677722454071045
1380.915917, 18, 50, 2.047513723373413
1385.7810949999998, 18, 75, 1.4887162446975708
1390.5784999999998, 18, 100, 1.9736919403076172
1395.520272, 18, 125, 1.6203190088272095
1400.2925269999998, 18, 150, 1.754092812538147
1405.10199, 18, 175, 1.6882997751235962
1409.8849089999999, 18, 200, 1.458412766456604
1414.77859, 18, 225, 1.9213144779205322
1419.5274379999998, 18, 250, 1.3194608688354492
1424.295359, 18, 275, 1.2918649911880493
1429.0646869999998, 18, 300, 1.309208631515503
1433.9754309999998, 18, 325, 1.823524832725525
1438.839045, 18, 350, 1.5738134384155273
1443.685379, 18, 375, 1.3762460947036743
1446.7156209999998, 19, 0, 1.6117051839828491
1451.639044, 19, 25, 1.2449284791946411
1456.4102209999999, 19, 50, 1.8373466730117798
1461.253072, 19, 75, 1.3598484992980957
1466.098055, 19, 100, 1.7114040851593018
1471.0484729999998, 19, 125, 1.3811596632003784
1475.8680749999999, 19, 150, 1.666114330291748
1480.6600349999999, 19, 175, 1.7437584400177002
1485.489992, 19, 200, 1.9430469274520874
1490.473742, 19, 225, 1.7322261333465576
1495.196479, 19, 250, 1.7721883058547974
1499.95085, 19, 275, 1.8282445669174194
1504.773827, 19, 300, 1.3615670204162598
1509.589289, 19, 325, 1.3994144201278687
1514.44976, 19, 350, 1.6058402061462402
1519.2664619999998, 19, 375, 1.46242356300354
1522.3883509999998, 20, 0, 1.4651020765304565
1527.3815479999998, 20, 25, 1.6427838802337646
1532.1974659999998, 20, 50, 1.4542596340179443
1536.975127, 20, 75, 1.659474492073059
1541.7784689999999, 20, 100, 1.3436095714569092
1546.734939, 20, 125, 1.5755013227462769
1551.551444, 20, 150, 1.5258299112319946
1556.387215, 20, 175, 1.2885711193084717
1561.261027, 20, 200, 1.7038654088974
1566.223726, 20, 225, 1.2112743854522705
1571.055098, 20, 250, 1.6139614582061768
1575.84477, 20, 275, 1.376098394393921
1580.612541, 20, 300, 1.5653386116027832
1585.597071, 20, 325, 1.6635700464248657
1590.4209759999999, 20, 350, 1.3082361221313477
1595.2166049999998, 20, 375, 1.5760185718536377
1598.261749, 21, 0, 1.2927112579345703
1603.3183239999998, 21, 25, 1.6902469396591187
1608.1105989999999, 21, 50, 1.3516043424606323
1612.8874839999999, 21, 75, 1.866020917892456
1617.664853, 21, 100, 1.3468610048294067
1622.593042, 21, 125, 1.6189923286437988
1627.3599399999998, 21, 150, 1.472894310951233
1632.167368, 21, 175, 1.7034070491790771
1636.95932, 21, 200, 1.2222490310668945
1641.880506, 21, 225, 1.7457958459854126
1646.6599469999999, 21, 250, 1.5305976867675781
1651.5128479999998, 21, 275, 1.8013780117034912
1656.2850839999999, 21, 300, 1.7145127058029175
1661.200318, 21, 325, 1.4059736728668213
1665.9871309999999, 21, 350, 1.641108512878418
1670.7674379999999, 21, 375, 2.0591070652008057
1673.7827889999999, 22, 0, 1.380825400352478
1678.751379, 22, 25, 1.6343321800231934
1683.568405, 22, 50, 1.7704092264175415
1688.5995389999998, 22, 75, 1.7345068454742432
1693.519368, 22, 100, 1.1746410131454468
1698.472707, 22, 125, 1.4817657470703125
1703.263768, 22, 150, 1.6881709098815918
1708.122251, 22, 175, 1.670889973640442
1712.935681, 22, 200, 1.5689074993133545
1717.892848, 22, 225, 1.5593383312225342
1722.680735, 22, 250, 1.271242618560791
1727.5067609999999, 22, 275, 1.4265137910842896
1732.2867979999999, 22, 300, 1.460536003112793
1737.178841, 22, 325, 1.5625996589660645
1741.931087, 22, 350, 1.1994023323059082
1746.7248109999998, 22, 375, 1.8230750560760498
1749.7538049999998, 23, 0, 1.275837779045105
1754.693066, 23, 25, 1.1897014379501343
1759.540155, 23, 50, 1.569061517715454
1764.337315, 23, 75, 1.18863844871521
1769.143542, 23, 100, 1.7183070182800293
1774.095619, 23, 125, 1.461320400238037
1778.917134, 23, 150, 1.8337551355361938
1783.689842, 23, 175, 1.9527101516723633
1788.476843, 23, 200, 1.5719568729400635
1793.3996889999999, 23, 225, 1.3218319416046143
1798.196222, 23, 250, 1.4654457569122314
1803.017557, 23, 275, 1.58468496799469
1807.8196739999998, 23, 300, 1.3572694063186646
1812.7963029999999, 23, 325, 1.8183376789093018
1817.5598889999999, 23, 350, 1.2257353067398071
1822.298807, 23, 375, 1.3610787391662598
1825.302993, 24, 0, 1.401280403137207
1830.2623199999998, 24, 25, 1.2704145908355713
1835.217854, 24, 50, 1.3589410781860352
1839.979227, 24, 75, 1.3954814672470093
1844.770816, 24, 100, 1.7551283836364746
1849.8052249999998, 24, 125, 1.8481985330581665
1854.7688349999999, 24, 150, 1.6868202686309814
1859.56189, 24, 175, 1.584358811378479
1864.374448, 24, 200, 1.3941246271133423
1869.408228, 24, 225, 1.7301198244094849
1874.284034, 24, 250, 1.347392201423645
1879.0660369999998, 24, 275, 1.1993556022644043
1883.928295, 24, 300, 1.4629935026168823
1888.8861929999998, 24, 325, 1.6696993112564087
1893.725953, 24, 350, 1.4307339191436768
1898.552992, 24, 375, 1.8147002458572388
1901.548511, 25, 0, 1.4397571086883545
1906.487251, 25, 25, 1.7382569313049316
1911.297405, 25, 50, 1.618292212486267
1916.075677, 25, 75, 1.316550374031067
1920.8912579999999, 25, 100, 1.581400752067566
1925.849097, 25, 125, 1.1894745826721191
1930.655857, 25, 150, 1.3910577297210693
1935.46075, 25, 175, 1.653141736984253
1940.272573, 25, 200, 1.1236023902893066
1945.2676299999998, 25, 225, 1.61408531665802
1950.1199669999999, 25, 250, 1.4520559310913086
1954.940711, 25, 275, 1.5673452615737915
1959.7527499999999, 25, 300, 1.7138888835906982
1964.7061999999999, 25, 325, 1.1732674837112427
1969.5062149999999, 25, 350, 1.8152384757995605
1974.317288, 25, 375, 1.7186365127563477
1977.3449409999998, 26, 0, 1.6449923515319824
1982.271569, 26, 25, 1.4410326480865479
1987.0456239999999, 26, 50, 1.436244010925293
1991.8311979999999, 26, 75, 1.3453850746154785
1996.748979, 26, 100, 1.7674309015274048
2001.825645, 26, 125, 1.2674083709716797
2006.696974, 26, 150, 1.592252254486084
2011.61391, 26, 175, 1.1209815740585327
2016.461001, 26, 200, 1.7781901359558105
2021.423035, 26, 225, 1.5757554769515991
2026.248369, 26, 250, 1.4481877088546753
2031.1562079999999, 26, 275, 1.8335375785827637
2035.980577, 26, 300, 1.5944772958755493
2040.9738849999999, 26, 325, 1.7531840801239014
2045.834357, 26, 350, 1.533253788948059
2050.653389, 26, 375, 1.3504701852798462
2053.670176, 27, 0, 1.4846696853637695
2058.5706830000004, 27, 25, 1.601243019104004
2063.348222, 27, 50, 1.6434346437454224
2068.127668, 27, 75, 1.3304014205932617
2072.9202370000003, 27, 100, 1.4975411891937256
2077.886128, 27, 125, 1.2561084032058716
2082.668745, 27, 150, 1.2990913391113281
2087.4925580000004, 27, 175, 1.4942528009414673
2092.442844, 27, 200, 1.737100601196289
2097.504354, 27, 225, 1.1214145421981812
2102.302564, 27, 250, 1.7602465152740479
2107.077737, 27, 275, 1.2878915071487427
2111.896999, 27, 300, 1.790502905845642
2116.8643500000003, 27, 325, 1.6864598989486694
2121.67039, 27, 350, 1.1974835395812988
2126.476786, 27, 375, 1.9501352310180664
2129.481408, 28, 0, 1.5359681844711304
2134.4055120000003, 28, 25, 1.5603642463684082
2139.202562, 28, 50, 1.9695996046066284
2143.9623890000003, 28, 75, 2.007204055786133
2148.7355000000002, 28, 100, 1.6073936223983765
2153.6942470000004, 28, 125, 1.225888967514038
2158.52173, 28, 150, 1.665583848953247
2163.303139, 28, 175, 1.4458856582641602
2168.09927, 28, 200, 1.4165656566619873
2173.143857, 28, 225, 1.4917765855789185
2178.0325580000003, 28, 250, 1.3722056150436401
2182.9202960000002, 28, 275, 1.5362491607666016
2187.709659, 28, 300, 1.7097489833831787
2192.66955, 28, 325, 1.3566250801086426
2197.5970270000003, 28, 350, 1.347935676574707
2202.4107080000003, 28, 375, 1.2545721530914307
2205.5554260000004, 29, 0, 1.5793405771255493
2210.549818, 29, 25, 1.7318083047866821
2215.371497, 29, 50, 1.12538743019104
2220.193673, 29, 75, 1.0607635974884033
2224.9652490000003, 29, 100, 1.7469143867492676
2229.9869160000003, 29, 125, 1.359316349029541
2234.905634, 29, 150, 1.4750263690948486
2239.6846800000003, 29, 175, 1.6041696071624756
2244.476925, 29, 200, 1.4751046895980835
2249.41139, 29, 225, 1.3406720161437988
2254.199254, 29, 250, 1.5817145109176636
2259.01993, 29, 275, 1.5402976274490356
2263.852952, 29, 300, 1.3553802967071533
2268.683321, 29, 325, 1.6357011795043945
2273.463048, 29, 350, 1.690010905265808
2278.324078, 29, 375, 1.8249839544296265
