time, epoch, batch_idx, loss
0.28906600000000005, 0, 0, 6.8956522941589355
4.774929, 0, 25, 4.031476020812988
8.98195, 0, 50, 2.4651145935058594
13.138887, 0, 75, 2.361664056777954
17.16533, 0, 100, 2.3737850189208984
21.76548, 0, 125, 2.471163511276245
25.889849, 0, 150, 2.408018112182617
30.022336000000003, 0, 175, 2.355936050415039
34.210241, 0, 200, 2.306610345840454
38.762037, 0, 225, 2.3215267658233643
42.919335, 0, 250, 2.3190436363220215
47.137704, 0, 275, 2.2794952392578125
51.353601, 0, 300, 2.2313408851623535
55.782938, 0, 325, 2.220219135284424
60.042838, 0, 350, 2.153245449066162
64.271534, 0, 375, 2.084047317504883
76.827173, 1, 0, 2.205981492996216
81.748111, 1, 25, 2.166447639465332
85.905919, 1, 50, 2.0048704147338867
90.15965, 1, 75, 2.2286083698272705
94.498144, 1, 100, 2.0931644439697266
99.113125, 1, 125, 2.0920372009277344
103.37901600000001, 1, 150, 2.0929412841796875
107.962061, 1, 175, 1.9514150619506836
112.329033, 1, 200, 1.920855164527893
117.0798, 1, 225, 1.8892784118652344
121.342183, 1, 250, 1.956787347793579
125.60888999999999, 1, 275, 1.9585978984832764
129.87354499999998, 1, 300, 2.0566725730895996
134.594466, 1, 325, 1.8704848289489746
138.92167, 1, 350, 2.0473568439483643
143.17262499999998, 1, 375, 2.0373740196228027
156.994012, 2, 0, 1.9415823221206665
161.74922500000002, 2, 25, 2.026059627532959
166.12617, 2, 50, 1.8818790912628174
170.45002, 2, 75, 2.062020778656006
174.69559199999998, 2, 100, 1.9150748252868652
179.446305, 2, 125, 1.9718263149261475
183.803917, 2, 150, 1.8576340675354004
188.15729700000003, 2, 175, 1.9031646251678467
192.467762, 2, 200, 1.7245218753814697
197.02604100000002, 2, 225, 1.7400994300842285
201.330756, 2, 250, 1.9002912044525146
205.629439, 2, 275, 1.8410356044769287
209.92742600000003, 2, 300, 1.88772451877594
214.51538399999998, 2, 325, 1.8619742393493652
218.86677100000003, 2, 350, 1.9378955364227295
223.252021, 2, 375, 1.9045755863189697
237.37516799999997, 3, 0, 1.9198591709136963
242.260534, 3, 25, 2.0005712509155273
246.641723, 3, 50, 1.7239257097244263
251.019451, 3, 75, 2.068389892578125
255.436761, 3, 100, 1.836855411529541
260.25807399999997, 3, 125, 1.8665207624435425
264.607298, 3, 150, 1.9243911504745483
268.976774, 3, 175, 1.8741908073425293
273.22927699999997, 3, 200, 1.62845778465271
278.092068, 3, 225, 1.6843986511230469
282.50638399999997, 3, 250, 1.7692317962646484
286.894952, 3, 275, 1.7708182334899902
291.280327, 3, 300, 1.8265807628631592
296.232623, 3, 325, 1.9244141578674316
300.62713299999996, 3, 350, 1.8482294082641602
304.98110199999996, 3, 375, 1.7826848030090332
318.95275699999996, 4, 0, 1.8775805234909058
323.887335, 4, 25, 1.8619855642318726
328.22134, 4, 50, 1.702605128288269
332.663949, 4, 75, 2.0375514030456543
337.064816, 4, 100, 1.7948191165924072
341.770087, 4, 125, 1.7640430927276611
346.12721799999997, 4, 150, 1.896385908126831
350.47680199999996, 4, 175, 1.7947617769241333
354.782291, 4, 200, 1.62238609790802
359.707024, 4, 225, 1.6479816436767578
364.053117, 4, 250, 1.7317521572113037
368.38251099999997, 4, 275, 1.7265031337738037
372.77470999999997, 4, 300, 1.8230358362197876
377.405673, 4, 325, 1.7984933853149414
381.825005, 4, 350, 1.8137719631195068
386.110283, 4, 375, 1.6967556476593018
398.619353, 5, 0, 1.8878252506256104
403.456814, 5, 25, 1.8242731094360352
407.86053599999997, 5, 50, 1.6395779848098755
412.498073, 5, 75, 1.9282021522521973
416.946753, 5, 100, 1.6913813352584839
421.87348, 5, 125, 1.7382367849349976
426.294763, 5, 150, 1.7405524253845215
430.706345, 5, 175, 1.7550523281097412
435.069962, 5, 200, 1.6613960266113281
439.87796099999997, 5, 225, 1.6355520486831665
444.099524, 5, 250, 1.7079498767852783
448.422424, 5, 275, 1.638791799545288
452.790348, 5, 300, 1.8147488832473755
457.717764, 5, 325, 1.6234164237976074
462.11276499999997, 5, 350, 1.8596677780151367
466.47054199999997, 5, 375, 1.656111717224121
482.196073, 6, 0, 1.8773443698883057
487.049647, 6, 25, 1.7603518962860107
491.34988, 6, 50, 1.6099915504455566
495.76194, 6, 75, 1.8500182628631592
500.13987, 6, 100, 1.6145944595336914
504.952999, 6, 125, 1.7478814125061035
509.28045999999995, 6, 150, 1.7372299432754517
513.585282, 6, 175, 1.6931484937667847
517.928099, 6, 200, 1.6025974750518799
522.552226, 6, 225, 1.5416576862335205
526.952343, 6, 250, 1.7029377222061157
531.169173, 6, 275, 1.5591626167297363
535.535187, 6, 300, 1.7335909605026245
540.393223, 6, 325, 1.5943644046783447
544.769378, 6, 350, 1.8605847358703613
549.319823, 6, 375, 1.630095362663269
565.65074, 7, 0, 1.7590010166168213
570.416416, 7, 25, 1.6762182712554932
574.797065, 7, 50, 1.6449103355407715
579.119978, 7, 75, 1.872287392616272
583.490147, 7, 100, 1.6225779056549072
588.392657, 7, 125, 1.6783246994018555
592.769247, 7, 150, 1.5990793704986572
597.153427, 7, 175, 1.6936944723129272
601.547416, 7, 200, 1.570304036140442
606.460594, 7, 225, 1.4611759185791016
610.771765, 7, 250, 1.616432547569275
615.151059, 7, 275, 1.5740840435028076
619.487478, 7, 300, 1.6117676496505737
624.32197, 7, 325, 1.5450178384780884
628.6690649999999, 7, 350, 1.855269193649292
632.952499, 7, 375, 1.6089342832565308
651.285312, 8, 0, 1.6052223443984985
656.007714, 8, 25, 1.7023152112960815
660.376749, 8, 50, 1.5918166637420654
664.71588, 8, 75, 1.8611323833465576
669.147015, 8, 100, 1.577125906944275
674.056293, 8, 125, 1.6411716938018799
678.410936, 8, 150, 1.579796552658081
682.673344, 8, 175, 1.6029891967773438
687.047807, 8, 200, 1.4528690576553345
692.026844, 8, 225, 1.426361322402954
696.362203, 8, 250, 1.5602892637252808
700.705632, 8, 275, 1.4812959432601929
705.157578, 8, 300, 1.5290980339050293
709.806472, 8, 325, 1.5116020441055298
714.176096, 8, 350, 1.7670841217041016
718.826633, 8, 375, 1.6162904500961304
737.465721, 9, 0, 1.5815815925598145
742.307441, 9, 25, 1.6189733743667603
746.609866, 9, 50, 1.5379443168640137
750.977191, 9, 75, 1.6866601705551147
755.255492, 9, 100, 1.5707930326461792
760.1834289999999, 9, 125, 1.630651593208313
764.424852, 9, 150, 1.5286731719970703
768.730501, 9, 175, 1.6268255710601807
773.146468, 9, 200, 1.3701550960540771
777.994719, 9, 225, 1.3853487968444824
782.380298, 9, 250, 1.4978106021881104
786.704452, 9, 275, 1.4323105812072754
791.052937, 9, 300, 1.4900935888290405
795.817112, 9, 325, 1.497111201286316
800.225582, 9, 350, 1.6930835247039795
804.560115, 9, 375, 1.600419521331787
823.2366509999999, 10, 0, 1.5711278915405273
828.1082719999999, 10, 25, 1.6194932460784912
832.500596, 10, 50, 1.5059480667114258
836.802284, 10, 75, 1.720284342765808
841.139894, 10, 100, 1.4646415710449219
846.05367, 10, 125, 1.5473310947418213
850.404036, 10, 150, 1.530973196029663
854.71589, 10, 175, 1.536515235900879
859.1868039999999, 10, 200, 1.3597829341888428
864.397306, 10, 225, 1.387396216392517
868.951207, 10, 250, 1.4987391233444214
873.329375, 10, 275, 1.4071316719055176
877.702462, 10, 300, 1.360241413116455
882.738738, 10, 325, 1.4714938402175903
887.067321, 10, 350, 1.6687331199645996
891.379116, 10, 375, 1.509242296218872
910.252261, 11, 0, 1.5494682788848877
915.249148, 11, 25, 1.5468326807022095
919.626474, 11, 50, 1.4237942695617676
923.95348, 11, 75, 1.7056968212127686
928.290996, 11, 100, 1.434818983078003
933.2215669999999, 11, 125, 1.5043271780014038
937.581546, 11, 150, 1.6019827127456665
942.030538, 11, 175, 1.488417625427246
946.3235139999999, 11, 200, 1.3444706201553345
951.167879, 11, 225, 1.288191795349121
955.543089, 11, 250, 1.433704137802124
959.930601, 11, 275, 1.287487268447876
964.257781, 11, 300, 1.394804835319519
969.0906659999999, 11, 325, 1.4785305261611938
973.449225, 11, 350, 1.5877342224121094
977.839157, 11, 375, 1.5120466947555542
1001.1741949999999, 12, 25, 1.637979507446289
1008.905208, 12, 75, 1.7381724119186401
1017.323031, 12, 125, 1.6301249265670776
1025.3492210000002, 12, 175, 1.522132158279419
1033.670527, 12, 225, 1.5142645835876465
1041.5174610000001, 12, 275, 1.421995997428894
1049.77953, 12, 325, 1.4325900077819824
1057.633323, 12, 375, 1.455791711807251
1079.976584, 13, 25, 1.494472861289978
1087.7159060000001, 13, 75, 1.6606636047363281
1096.0937800000002, 13, 125, 1.5673577785491943
1103.9627010000002, 13, 175, 1.4187698364257812
1112.3419170000002, 13, 225, 1.380836009979248
1120.1276320000002, 13, 275, 1.3664366006851196
1128.4610340000002, 13, 325, 1.4264216423034668
1136.260451, 13, 375, 1.3942604064941406
1159.487654, 14, 25, 1.5487449169158936
1167.35064, 14, 75, 1.5850629806518555
1176.2654590000002, 14, 125, 1.4687812328338623
1184.1113340000002, 14, 175, 1.3973933458328247
1192.432187, 14, 225, 1.3570137023925781
1200.290035, 14, 275, 1.1968541145324707
1208.651245, 14, 325, 1.3408294916152954
1216.407817, 14, 375, 1.4221571683883667
1239.667189, 15, 25, 1.4760016202926636
1247.429881, 15, 75, 1.6236014366149902
1255.8075740000002, 15, 125, 1.3900632858276367
1263.7341560000002, 15, 175, 1.4125490188598633
1272.0310390000002, 15, 225, 1.3250696659088135
1279.8021620000002, 15, 275, 1.3418684005737305
1288.1195910000001, 15, 325, 1.3072593212127686
1296.370959, 15, 375, 1.4459242820739746
1319.720871, 16, 25, 1.5442540645599365
1327.780336, 16, 75, 1.4272243976593018
1336.2544770000002, 16, 125, 1.4065521955490112
1344.0938520000002, 16, 175, 1.2866485118865967
1352.513298, 16, 225, 1.273819923400879
1360.367995, 16, 275, 1.2502210140228271
1368.736079, 16, 325, 1.3930613994598389
1376.49367, 16, 375, 1.3910160064697266
1399.80652, 17, 25, 1.4808454513549805
1407.5893010000002, 17, 75, 1.4840487241744995
1416.01142, 17, 125, 1.382089614868164
1423.913368, 17, 175, 1.3731083869934082
1432.404765, 17, 225, 1.1994528770446777
1440.270733, 17, 275, 1.2381150722503662
1448.629011, 17, 325, 1.2835097312927246
1456.4272050000002, 17, 375, 1.3447341918945312
1479.8778040000002, 18, 25, 1.4761816263198853
1488.0824240000002, 18, 75, 1.5411665439605713
1496.354458, 18, 125, 1.3138973712921143
1504.146705, 18, 175, 1.3671473264694214
1512.5840750000002, 18, 225, 1.2268710136413574
1520.3928380000002, 18, 275, 1.2246372699737549
1528.7076430000002, 18, 325, 1.2522611618041992
1536.550753, 18, 375, 1.1861717700958252
1559.725954, 19, 25, 1.4051787853240967
1567.511531, 19, 75, 1.550284504890442
1575.9333190000002, 19, 125, 1.3758056163787842
1583.7053130000002, 19, 175, 1.2744773626327515
1592.0385310000001, 19, 225, 1.241295576095581
1599.846898, 19, 275, 1.1487771272659302
1608.212406, 19, 325, 1.2219994068145752
1616.087487, 19, 375, 1.2378981113433838
1639.552044, 20, 25, 1.401946783065796
1647.3391080000001, 20, 75, 1.4883694648742676
1655.6191130000002, 20, 125, 1.289296269416809
1663.4249790000001, 20, 175, 1.1572349071502686
1671.773821, 20, 225, 1.0908282995224
1679.6441040000002, 20, 275, 1.2214927673339844
1688.019498, 20, 325, 1.3033616542816162
1695.9468880000002, 20, 375, 1.271254062652588
1718.9653340000002, 21, 25, 1.3723821640014648
1726.750596, 21, 75, 1.3439440727233887
1735.082051, 21, 125, 1.260926365852356
1742.9228990000001, 21, 175, 1.1774687767028809
1751.3763290000002, 21, 225, 1.1450152397155762
1759.246517, 21, 275, 1.1216176748275757
1767.6558650000002, 21, 325, 1.2942485809326172
1775.477656, 21, 375, 1.2237374782562256
1799.163047, 22, 25, 1.370542049407959
1806.9290760000001, 22, 75, 1.290678858757019
1815.2308150000001, 22, 125, 1.3704971075057983
1823.1734640000002, 22, 175, 1.138390302658081
1831.460276, 22, 225, 1.1293056011199951
1839.2156790000001, 22, 275, 1.11967134475708
1847.584522, 22, 325, 1.2064032554626465
1855.461368, 22, 375, 1.1464018821716309
1878.764337, 23, 25, 1.3756728172302246
1886.547808, 23, 75, 1.2549939155578613
1894.8090840000002, 23, 125, 1.3113906383514404
1902.668018, 23, 175, 1.2103527784347534
1911.015609, 23, 225, 1.1758654117584229
1918.878142, 23, 275, 1.0005357265472412
1927.293269, 23, 325, 1.1942098140716553
1935.1122220000002, 23, 375, 1.1398863792419434
1958.399466, 24, 25, 1.3658524751663208
1966.1624550000001, 24, 75, 1.297387957572937
1974.535398, 24, 125, 1.3160535097122192
1982.2186800000002, 24, 175, 1.1583309173583984
1990.459524, 24, 225, 1.1723074913024902
1998.1704000000002, 24, 275, 1.0991904735565186
2006.4678800000002, 24, 325, 1.103316307067871
2014.2443190000001, 24, 375, 1.0535609722137451
2036.687161, 25, 25, 1.380395531654358
2044.553332, 25, 75, 1.2351688146591187
2052.970151, 25, 125, 1.2322773933410645
2060.7818540000003, 25, 175, 1.1116418838500977
2069.067192, 25, 225, 1.0766370296478271
2076.850438, 25, 275, 1.0258554220199585
2085.224282, 25, 325, 1.2289113998413086
2093.047524, 25, 375, 0.9802396893501282
2116.413979, 26, 25, 1.2121047973632812
2124.25463, 26, 75, 1.165865421295166
2132.559168, 26, 125, 1.1541252136230469
2140.267977, 26, 175, 1.0243359804153442
2148.564551, 26, 225, 0.9481548070907593
2156.3050470000003, 26, 275, 0.8583396673202515
2164.642949, 26, 325, 1.2233498096466064
2172.506846, 26, 375, 1.22560715675354
2195.460474, 27, 25, 1.251601219177246
2203.809897, 27, 75, 1.0663355588912964
2212.19007, 27, 125, 1.1084883213043213
2220.019057, 27, 175, 1.0909110307693481
2228.4028710000002, 27, 225, 0.9930503368377686
2236.241278, 27, 275, 0.8599266409873962
2244.7612670000003, 27, 325, 1.2053844928741455
2252.707219, 27, 375, 1.0502173900604248
2282.517109, 28, 75, 2.5035743713378906
2297.2005560000002, 28, 175, 2.378103733062744
2312.0174660000002, 28, 275, 2.371413230895996
2326.71171, 28, 375, 2.3425989151000977
2348.91883, 29, 25, 2.295513391494751
2376.669684, 29, 225, 2.222146511077881
