time, epoch, batch_idx, loss
0.22542300000000015, 0, 0, 6.862454414367676
4.929475000000001, 0, 25, 3.3974480628967285
9.019198, 0, 50, 3.7571349143981934
13.122187999999998, 0, 75, 3.7936882972717285
17.400862, 0, 100, 3.390996217727661
21.925831, 0, 125, 3.9181342124938965
26.225727000000003, 0, 150, 3.328047037124634
30.460888, 0, 175, 3.8517444133758545
34.630323000000004, 0, 200, 3.5589511394500732
39.144329000000006, 0, 225, 3.3777222633361816
43.378995, 0, 250, 3.530571699142456
47.593767, 0, 275, 3.4137496948242188
51.822154000000005, 0, 300, 3.3518290519714355
56.566574, 0, 325, 3.8080997467041016
61.06515, 0, 350, 3.6602389812469482
65.370529, 0, 375, 3.6572868824005127
76.609909, 1, 0, 3.4402060508728027
81.449748, 1, 25, 2.992325782775879
85.75103800000001, 1, 50, 3.673234462738037
90.087045, 1, 75, 3.7800216674804688
94.320832, 1, 100, 3.2829880714416504
99.146607, 1, 125, 3.833763360977173
103.419168, 1, 150, 3.166436195373535
107.681683, 1, 175, 3.7000534534454346
111.91076600000001, 1, 200, 3.2971372604370117
116.534071, 1, 225, 3.0802783966064453
120.849076, 1, 250, 3.331606864929199
125.13998600000001, 1, 275, 3.2037181854248047
129.43296099999998, 1, 300, 3.1877174377441406
134.1781, 1, 325, 3.552126407623291
138.430084, 1, 350, 3.4479103088378906
142.878729, 1, 375, 3.44345760345459
153.62388299999998, 2, 0, 3.2583250999450684
158.49516899999998, 2, 25, 2.837512493133545
163.01118699999998, 2, 50, 3.4382739067077637
167.565666, 2, 75, 3.7178757190704346
172.156733, 2, 100, 3.0921072959899902
177.18880099999998, 2, 125, 3.6993019580841064
181.780704, 2, 150, 2.929131269454956
186.41653599999998, 2, 175, 3.5495853424072266
191.349697, 2, 200, 3.144318103790283
196.406783, 2, 225, 2.9008493423461914
200.89404499999998, 2, 250, 3.1614184379577637
205.394655, 2, 275, 3.0304837226867676
209.89317799999998, 2, 300, 2.9890716075897217
214.666927, 2, 325, 3.3766705989837646
219.103716, 2, 350, 3.3472161293029785
223.478582, 2, 375, 3.2811410427093506
234.64316499999998, 3, 0, 3.0585925579071045
239.606079, 3, 25, 2.737884044647217
244.069257, 3, 50, 3.316296100616455
248.48904, 3, 75, 3.4815807342529297
253.004564, 3, 100, 2.9202728271484375
257.867273, 3, 125, 3.616166830062866
262.25086, 3, 150, 2.8629186153411865
266.65323800000004, 3, 175, 3.4141123294830322
271.032943, 3, 200, 3.0533018112182617
276.115593, 3, 225, 2.769838571548462
280.557768, 3, 250, 2.9585630893707275
284.98728500000004, 3, 275, 2.8994641304016113
289.41202400000003, 3, 300, 2.926274299621582
294.26300000000003, 3, 325, 3.2474327087402344
298.767528, 3, 350, 3.0873379707336426
303.122001, 3, 375, 3.147578477859497
317.337201, 4, 0, 3.052253484725952
322.270657, 4, 25, 2.5863375663757324
326.69203100000004, 4, 50, 3.2964251041412354
331.08729700000004, 4, 75, 3.5819578170776367
335.508733, 4, 100, 2.7976746559143066
340.28202100000004, 4, 125, 3.7540078163146973
344.70680500000003, 4, 150, 2.7667794227600098
349.147421, 4, 175, 3.275413990020752
353.536217, 4, 200, 2.8668413162231445
358.304193, 4, 225, 2.6203970909118652
362.830239, 4, 250, 2.843194007873535
367.56041700000003, 4, 275, 2.7886900901794434
372.343338, 4, 300, 2.7332687377929688
377.11776000000003, 4, 325, 3.1509039402008057
381.645532, 4, 350, 3.097844123840332
386.132358, 4, 375, 3.2460098266601562
401.916808, 5, 0, 2.8260772228240967
406.937924, 5, 25, 2.634795665740967
411.361491, 5, 50, 3.14816951751709
415.798316, 5, 75, 3.3658199310302734
420.21637200000004, 5, 100, 2.817167282104492
424.932385, 5, 125, 3.4520561695098877
429.335278, 5, 150, 2.7758665084838867
433.775004, 5, 175, 3.156987190246582
438.16987800000004, 5, 200, 2.8159661293029785
443.08833200000004, 5, 225, 2.6217098236083984
447.459358, 5, 250, 2.7546658515930176
451.84580800000003, 5, 275, 2.5812759399414062
456.214066, 5, 300, 2.6768505573272705
461.221903, 5, 325, 3.110790729522705
465.592888, 5, 350, 2.9382224082946777
469.897987, 5, 375, 3.0450594425201416
482.686121, 6, 0, 2.8175220489501953
487.662418, 6, 25, 2.518033981323242
492.170862, 6, 50, 3.0227885246276855
496.902695, 6, 75, 3.316835403442383
501.272598, 6, 100, 2.80106258392334
506.20459, 6, 125, 3.3871593475341797
510.597188, 6, 150, 2.5845983028411865
515.028812, 6, 175, 3.1668763160705566
519.5160599999999, 6, 200, 2.7215633392333984
524.50497, 6, 225, 2.66778826713562
528.92174, 6, 250, 2.7826008796691895
533.294584, 6, 275, 2.6453299522399902
537.802959, 6, 300, 2.50411057472229
542.5590169999999, 6, 325, 2.994497537612915
546.976058, 6, 350, 2.9198546409606934
551.4433779999999, 6, 375, 2.8946070671081543
568.007442, 7, 0, 2.7993013858795166
573.0131739999999, 7, 25, 2.4404141902923584
577.432114, 7, 50, 2.9897003173828125
581.8402219999999, 7, 75, 3.2642805576324463
586.302108, 7, 100, 2.4708709716796875
591.252526, 7, 125, 3.4640402793884277
595.6591249999999, 7, 150, 2.7173657417297363
600.0504569999999, 7, 175, 3.1367530822753906
604.454628, 7, 200, 2.833099365234375
609.3888039999999, 7, 225, 2.442458152770996
613.871887, 7, 250, 2.8109498023986816
618.314348, 7, 275, 2.4152350425720215
622.698194, 7, 300, 2.455333948135376
627.6361899999999, 7, 325, 2.975975751876831
632.035569, 7, 350, 2.8717598915100098
636.456872, 7, 375, 2.863602638244629
655.236455, 8, 0, 2.767123222351074
660.1802309999999, 8, 25, 2.40634822845459
664.6218759999999, 8, 50, 2.975855827331543
669.009138, 8, 75, 3.0879311561584473
673.4198859999999, 8, 100, 2.6769180297851562
678.679407, 8, 125, 3.3129749298095703
683.3562089999999, 8, 150, 2.5726709365844727
687.7948849999999, 8, 175, 3.0949292182922363
692.222619, 8, 200, 2.6503095626831055
697.1651099999999, 8, 225, 2.342480421066284
701.606367, 8, 250, 2.6391234397888184
706.018783, 8, 275, 2.3649792671203613
710.415168, 8, 300, 2.3759775161743164
715.35192, 8, 325, 3.0015621185302734
719.781337, 8, 350, 2.800727367401123
724.214157, 8, 375, 2.7890431880950928
743.0144789999999, 9, 0, 2.7154810428619385
747.919401, 9, 25, 2.3180017471313477
752.2999209999999, 9, 50, 2.879497528076172
756.627124, 9, 75, 3.241929054260254
761.072584, 9, 100, 2.609705686569214
766.0801889999999, 9, 125, 3.1175899505615234
770.4141659999999, 9, 150, 2.522291660308838
774.8143299999999, 9, 175, 3.0134122371673584
779.241445, 9, 200, 2.4052162170410156
784.1743859999999, 9, 225, 2.411524772644043
788.5986499999999, 9, 250, 2.648355007171631
792.997716, 9, 275, 2.396030902862549
797.391354, 9, 300, 2.3493762016296387
802.583978, 9, 325, 2.9230144023895264
806.9557699999999, 9, 350, 2.8069519996643066
811.2467419999999, 9, 375, 2.7624893188476562
840.9602659999999, 10, 75, nan
869.244233, 10, 275, nan
919.268417, 11, 125, nan
946.9880979999999, 11, 325, nan
997.770596, 12, 175, nan
1026.045979, 12, 375, nan
1048.351003, 13, 25, nan
1076.326173, 13, 225, nan
1126.3746879999999, 14, 75, nan
1154.715088, 14, 275, nan
1205.486528, 15, 125, nan
1233.869987, 15, 325, nan
1283.755891, 16, 175, nan
1312.758967, 16, 375, nan
1334.5398539999999, 17, 25, nan
1362.870131, 17, 225, nan
1413.525525, 18, 75, nan
1442.273894, 18, 275, nan
1492.923339, 19, 125, nan
1521.04447, 19, 325, nan
1775.9131459999999, 24, 175, nan
