time, epoch, batch_idx, loss
0.2968959999999994, 0, 0, 6.914173126220703
5.068003999999999, 0, 25, 6.874477386474609
9.268394999999998, 0, 50, 5.190865516662598
13.467724999999998, 0, 75, 3.4285922050476074
17.628736999999997, 0, 100, 3.1384265422821045
22.259862, 0, 125, 2.4093875885009766
26.514861999999997, 0, 150, 2.4267756938934326
30.810112999999998, 0, 175, 2.370938777923584
35.067646, 0, 200, 2.3106462955474854
39.682215, 0, 225, 2.3764500617980957
43.893969000000006, 0, 250, 2.308079719543457
48.057632000000005, 0, 275, 2.3457441329956055
52.329278, 0, 300, 2.3834517002105713
57.38684, 0, 325, 2.415905475616455
61.850811, 0, 350, 2.3686065673828125
66.035803, 0, 375, 2.309969186782837
85.236825, 1, 0, 2.3427858352661133
90.026367, 1, 25, 2.4034204483032227
94.33282899999999, 1, 50, 2.3322153091430664
98.636223, 1, 75, 2.3670451641082764
102.891888, 1, 100, 2.3411872386932373
107.460605, 1, 125, 2.3870811462402344
111.75989899999999, 1, 150, 2.326263189315796
116.074441, 1, 175, 2.3107447624206543
120.356681, 1, 200, 2.3305273056030273
125.11566099999999, 1, 225, 2.3738741874694824
129.336105, 1, 250, 2.289604663848877
133.635946, 1, 275, 2.2939701080322266
137.989085, 1, 300, 2.3506314754486084
142.713363, 1, 325, 2.2963790893554688
147.011756, 1, 350, 2.349335193634033
151.34252999999998, 1, 375, 2.2603445053100586
170.353142, 2, 0, 2.315974235534668
175.291306, 2, 25, 2.344133138656616
179.745615, 2, 50, 2.26371431350708
184.211138, 2, 75, 2.29905366897583
188.681617, 2, 100, 2.174424648284912
193.50412, 2, 125, 2.2870230674743652
197.986189, 2, 150, 2.120929718017578
202.496683, 2, 175, 2.156449556350708
206.973929, 2, 200, 1.9823602437973022
211.769152, 2, 225, 1.9944086074829102
216.204249, 2, 250, 2.0367376804351807
220.615582, 2, 275, 2.095768928527832
224.997807, 2, 300, 2.039205312728882
229.683185, 2, 325, 2.0180864334106445
234.05553, 2, 350, 2.048541784286499
238.37391499999998, 2, 375, 1.9927361011505127
249.808968, 3, 0, 2.016517162322998
255.20204399999997, 3, 25, 2.0424540042877197
259.62863200000004, 3, 50, 1.945500373840332
263.988919, 3, 75, 2.127838611602783
268.377764, 3, 100, 1.9907636642456055
273.23564700000003, 3, 125, 2.006436824798584
277.61327800000004, 3, 150, 1.9061861038208008
281.995085, 3, 175, 2.078054666519165
286.306371, 3, 200, 1.8603999614715576
291.232363, 3, 225, 1.8524081707000732
295.60300700000005, 3, 250, 1.9282526969909668
299.99910300000005, 3, 275, 1.9782010316848755
304.37783, 3, 300, 1.974520206451416
309.38932800000003, 3, 325, 1.8642287254333496
313.778388, 3, 350, 1.9936254024505615
318.23728600000004, 3, 375, 1.9966742992401123
329.046753, 4, 0, 1.9503748416900635
334.022981, 4, 25, 1.9645670652389526
338.447738, 4, 50, 1.860592007637024
342.759634, 4, 75, 2.006324291229248
347.14822100000004, 4, 100, 1.9339239597320557
352.026522, 4, 125, 1.936205506324768
356.438847, 4, 150, 1.8836991786956787
360.86699500000003, 4, 175, 2.0411624908447266
365.56627100000003, 4, 200, 1.7589060068130493
370.865196, 4, 225, 1.7278571128845215
375.31858, 4, 250, 1.808841586112976
379.63743800000003, 4, 275, 1.7725509405136108
384.094105, 4, 300, 1.7795274257659912
389.01177700000005, 4, 325, 1.7625863552093506
393.457394, 4, 350, 1.870481014251709
397.852889, 4, 375, 1.9140452146530151
410.708971, 5, 0, 1.8698551654815674
415.58509000000004, 5, 25, 1.9110684394836426
419.99113800000003, 5, 50, 1.6924655437469482
424.41699300000005, 5, 75, 1.9389359951019287
428.77139100000005, 5, 100, 1.740549087524414
433.681007, 5, 125, 1.802619218826294
438.06249, 5, 150, 1.7006702423095703
442.36185900000004, 5, 175, 1.906874179840088
446.72311, 5, 200, 1.6947999000549316
451.44345500000003, 5, 225, 1.6032218933105469
455.86264300000005, 5, 250, 1.7774477005004883
460.260189, 5, 275, 1.5465446710586548
464.577442, 5, 300, 1.6910654306411743
469.22819400000003, 5, 325, 1.7048823833465576
473.671783, 5, 350, 1.7768269777297974
478.003236, 5, 375, 1.743210792541504
496.44645, 6, 0, 1.6727051734924316
501.28895800000004, 6, 25, 1.7587039470672607
505.59656800000005, 6, 50, 1.6816329956054688
509.96832900000004, 6, 75, 1.8428678512573242
514.263281, 6, 100, 1.6526224613189697
519.224075, 6, 125, 1.7517402172088623
523.502198, 6, 150, 1.5425193309783936
527.823588, 6, 175, 1.9160358905792236
532.213871, 6, 200, 1.4401869773864746
536.854446, 6, 225, 1.6155240535736084
541.2075150000001, 6, 250, 1.6756598949432373
545.519282, 6, 275, 1.4496545791625977
549.87568, 6, 300, 1.6327316761016846
554.752782, 6, 325, 1.5867538452148438
559.333576, 6, 350, 1.7698192596435547
563.706785, 6, 375, 1.6303155422210693
582.2494760000001, 7, 0, 1.6087582111358643
587.14121, 7, 25, 1.6423667669296265
591.5549990000001, 7, 50, 1.5661897659301758
595.904312, 7, 75, 1.8579347133636475
600.288189, 7, 100, 1.6145012378692627
605.241072, 7, 125, 1.6868972778320312
609.625439, 7, 150, 1.4735510349273682
613.98702, 7, 175, 1.7995498180389404
618.314806, 7, 200, 1.4525620937347412
623.252199, 7, 225, 1.429460048675537
627.643408, 7, 250, 1.621353030204773
632.0143800000001, 7, 275, 1.4299967288970947
636.36818, 7, 300, 1.5368597507476807
641.2965790000001, 7, 325, 1.4982328414916992
645.750069, 7, 350, 1.710681676864624
650.17298, 7, 375, 1.57692289352417
669.006583, 8, 0, 1.576932430267334
674.244322, 8, 25, 1.5995471477508545
678.961506, 8, 50, 1.4911370277404785
683.396281, 8, 75, 1.8507580757141113
687.825366, 8, 100, 1.47230064868927
692.7376790000001, 8, 125, 1.5875476598739624
697.111154, 8, 150, 1.5048431158065796
701.3909100000001, 8, 175, 1.8210740089416504
705.7817140000001, 8, 200, 1.4668190479278564
710.667743, 8, 225, 1.4685919284820557
715.067463, 8, 250, 1.539069414138794
719.410311, 8, 275, 1.4074881076812744
723.791155, 8, 300, 1.545896053314209
728.40513, 8, 325, 1.5514317750930786
732.7562, 8, 350, 1.6788599491119385
737.095149, 8, 375, 1.5265028476715088
756.173999, 9, 0, 1.5537577867507935
760.848104, 9, 25, 1.5473816394805908
765.253208, 9, 50, 1.4784330129623413
769.5712990000001, 9, 75, 1.7238682508468628
773.975018, 9, 100, 1.483193278312683
778.944445, 9, 125, 1.5819087028503418
783.284629, 9, 150, 1.4385815858840942
787.731639, 9, 175, 1.715686559677124
792.133449, 9, 200, 1.393967866897583
797.035433, 9, 225, 1.3730103969573975
801.491852, 9, 250, 1.5632065534591675
806.001872, 9, 275, 1.373435616493225
810.5023110000001, 9, 300, 1.452521562576294
815.228348, 9, 325, 1.5139846801757812
819.661407, 9, 350, 1.5991758108139038
823.999091, 9, 375, 1.47219979763031
842.481923, 10, 0, 1.4606964588165283
847.4060890000001, 10, 25, 1.4990780353546143
851.7988770000001, 10, 50, 1.423255443572998
856.101637, 10, 75, 1.7886172533035278
860.475488, 10, 100, 1.4475592374801636
865.822238, 10, 125, 1.5189805030822754
870.311721, 10, 150, 1.4406951665878296
874.6980590000001, 10, 175, 1.6184226274490356
879.12873, 10, 200, 1.3591620922088623
884.059584, 10, 225, 1.3127310276031494
888.3803770000001, 10, 250, 1.489652156829834
892.6689, 10, 275, 1.310625433921814
897.0196470000001, 10, 300, 1.414916753768921
901.933771, 10, 325, 1.4302902221679688
906.367753, 10, 350, 1.5071414709091187
910.816317, 10, 375, 1.4654500484466553
929.345851, 11, 0, 1.4232677221298218
934.25908, 11, 25, 1.4914729595184326
938.628676, 11, 50, 1.4147371053695679
943.064577, 11, 75, 1.7556970119476318
947.466139, 11, 100, 1.4460721015930176
952.4325230000001, 11, 125, 1.532376766204834
956.7606860000001, 11, 150, 1.3934537172317505
961.420238, 11, 175, 1.5493813753128052
965.8977170000001, 11, 200, 1.3582508563995361
970.605571, 11, 225, 1.2387725114822388
975.019363, 11, 250, 1.4048669338226318
979.426418, 11, 275, 1.2946947813034058
984.113373, 11, 300, 1.3627265691757202
989.33214, 11, 325, 1.5806884765625
993.768288, 11, 350, 1.4985103607177734
998.0973680000001, 11, 375, 1.3973634243011475
1016.652459, 12, 0, 1.3814849853515625
1021.3723020000001, 12, 25, 1.3718558549880981
1025.8138099999999, 12, 50, 1.367438793182373
1030.137655, 12, 75, 1.6858313083648682
1034.469275, 12, 100, 1.4237995147705078
1039.347343, 12, 125, 1.4183521270751953
1043.678555, 12, 150, 1.323509693145752
1048.097489, 12, 175, 1.5316076278686523
1052.443712, 12, 200, 1.3108813762664795
1057.112479, 12, 225, 1.2419673204421997
1061.447868, 12, 250, 1.3425832986831665
1065.8530369999999, 12, 275, 1.2745532989501953
1070.247766, 12, 300, 1.2833478450775146
1075.183818, 12, 325, 1.4284591674804688
1079.623104, 12, 350, 1.3376747369766235
1084.018699, 12, 375, 1.3063907623291016
1103.1864269999999, 13, 0, 1.3597218990325928
1108.1247329999999, 13, 25, 1.3994120359420776
1112.4467359999999, 13, 50, 1.3796229362487793
1116.886399, 13, 75, 1.677828073501587
1121.287235, 13, 100, 1.3399351835250854
1126.109571, 13, 125, 1.4340301752090454
1130.502606, 13, 150, 1.4168670177459717
1134.953481, 13, 175, 1.5058083534240723
1139.337893, 13, 200, 1.2451636791229248
1144.3469029999999, 13, 225, 1.2110008001327515
1148.754031, 13, 250, 1.3168461322784424
1153.1400199999998, 13, 275, 1.232762098312378
1157.517551, 13, 300, 1.209449291229248
1162.4677609999999, 13, 325, 1.470729947090149
1166.946471, 13, 350, 1.3281056880950928
1171.694483, 13, 375, 1.3341586589813232
1190.5697, 14, 0, 1.3491778373718262
1195.496037, 14, 25, 1.4101314544677734
1199.8866429999998, 14, 50, 1.3411142826080322
1204.28055, 14, 75, 1.6449975967407227
1208.6130039999998, 14, 100, 1.285559892654419
1213.295891, 14, 125, 1.3533666133880615
1217.685375, 14, 150, 1.445851445198059
1222.028858, 14, 175, 1.477612018585205
1226.4015769999999, 14, 200, 1.2810858488082886
1231.283569, 14, 225, 1.181806206703186
1235.6925259999998, 14, 250, 1.3011829853057861
1240.0851619999999, 14, 275, 1.192619800567627
1244.486868, 14, 300, 1.277606725692749
1249.167671, 14, 325, 1.4429192543029785
1253.545803, 14, 350, 1.3572375774383545
1257.929741, 14, 375, 1.2671018838882446
1276.800651, 15, 0, 1.3077058792114258
1281.656204, 15, 25, 1.4139764308929443
1286.144039, 15, 50, 1.3063328266143799
1290.6344649999999, 15, 75, 1.6449835300445557
1295.227089, 15, 100, 1.2686073780059814
1300.2534249999999, 15, 125, 1.3176273107528687
1304.699032, 15, 150, 1.43277907371521
1309.1436529999999, 15, 175, 1.4030077457427979
1313.533391, 15, 200, 1.2491240501403809
1318.215325, 15, 225, 1.1563682556152344
1322.562767, 15, 250, 1.3130407333374023
1326.946986, 15, 275, 1.165065050125122
1331.301917, 15, 300, 1.165853500366211
1336.153517, 15, 325, 1.3809349536895752
1340.5456749999998, 15, 350, 1.304582118988037
1345.013485, 15, 375, 1.2807796001434326
1363.6827779999999, 16, 0, 1.3483164310455322
1368.6317829999998, 16, 25, 1.3834060430526733
1373.0265089999998, 16, 50, 1.2635481357574463
1377.468522, 16, 75, 1.4873104095458984
1381.8919899999999, 16, 100, 1.2640020847320557
1386.620968, 16, 125, 1.360030174255371
1391.010844, 16, 150, 1.3983732461929321
1395.393304, 16, 175, 1.3613507747650146
1399.775007, 16, 200, 1.2468832731246948
1404.733233, 16, 225, 1.1869556903839111
1409.129982, 16, 250, 1.2768628597259521
1413.4987219999998, 16, 275, 1.0944647789001465
1417.919989, 16, 300, 1.1909515857696533
1422.7938419999998, 16, 325, 1.328458547592163
1427.170611, 16, 350, 1.2744472026824951
1431.597904, 16, 375, 1.283153772354126
1450.5288019999998, 17, 0, 1.2983896732330322
1455.291778, 17, 25, 1.4121038913726807
1459.670201, 17, 50, 1.2353081703186035
1464.078587, 17, 75, 1.584002137184143
1468.4296729999999, 17, 100, 1.2227693796157837
1473.547208, 17, 125, 1.3733335733413696
1478.133607, 17, 150, 1.3845127820968628
1482.510619, 17, 175, 1.319891333580017
1486.9156699999999, 17, 200, 1.1612772941589355
1491.838902, 17, 225, 1.1235064268112183
1496.288501, 17, 250, 1.2628637552261353
1500.659502, 17, 275, 1.1044180393218994
1505.061857, 17, 300, 1.1734619140625
1509.9831629999999, 17, 325, 1.2614952325820923
1514.34712, 17, 350, 1.271589756011963
1518.727803, 17, 375, 1.2472869157791138
1537.640604, 18, 0, 1.2519667148590088
1542.584018, 18, 25, 1.3283909559249878
1546.9867479999998, 18, 50, 1.2721660137176514
1551.3716749999999, 18, 75, 1.4748523235321045
1555.788382, 18, 100, 1.1669197082519531
1560.6373649999998, 18, 125, 1.3628464937210083
1564.917146, 18, 150, 1.2472118139266968
1569.2569669999998, 18, 175, 1.319298505783081
1573.6365879999998, 18, 200, 1.1640969514846802
1578.324146, 18, 225, 1.1546838283538818
1582.651463, 18, 250, 1.1765761375427246
1587.0069609999998, 18, 275, 1.111997127532959
1591.41059, 18, 300, 1.1205229759216309
1596.128612, 18, 325, 1.3696086406707764
1600.5549429999999, 18, 350, 1.2744252681732178
1605.1378339999999, 18, 375, 1.2540764808654785
1624.2391349999998, 19, 0, 1.289148211479187
1628.970144, 19, 25, 1.3567378520965576
1633.353799, 19, 50, 1.17399001121521
1637.667123, 19, 75, 1.4483484029769897
1642.0581539999998, 19, 100, 1.1896445751190186
1646.681408, 19, 125, 1.3613332509994507
1651.036691, 19, 150, 1.2168818712234497
1655.385585, 19, 175, 1.326801061630249
1659.807775, 19, 200, 1.293818473815918
1664.5567529999998, 19, 225, 1.175844430923462
1668.9732239999998, 19, 250, 1.2329124212265015
1673.4267949999999, 19, 275, 1.0468618869781494
1677.864306, 19, 300, 1.1450910568237305
1682.5633799999998, 19, 325, 1.2353460788726807
1687.055451, 19, 350, 1.1589806079864502
1691.43761, 19, 375, 1.2154873609542847
1710.34424, 20, 0, 1.2558093070983887
1715.2936559999998, 20, 25, 1.3571057319641113
1719.646479, 20, 50, 1.2036806344985962
1724.047241, 20, 75, 1.4321444034576416
1728.433175, 20, 100, 1.1715738773345947
1733.3885779999998, 20, 125, 1.3872548341751099
1737.763231, 20, 150, 1.1820956468582153
1742.138471, 20, 175, 1.3005257844924927
1746.534897, 20, 200, 1.2284762859344482
1751.509646, 20, 225, 1.1282414197921753
1755.875378, 20, 250, 1.151890754699707
1760.274232, 20, 275, 1.0567810535430908
1764.756972, 20, 300, 1.1619701385498047
1769.590176, 20, 325, 1.17771577835083
1773.960862, 20, 350, 1.148895025253296
1778.4093019999998, 20, 375, 1.1822378635406494
1797.7605939999999, 21, 0, 1.2191689014434814
1802.712145, 21, 25, 1.3423080444335938
1807.133384, 21, 50, 1.1781132221221924
1811.577513, 21, 75, 1.427493691444397
1816.054435, 21, 100, 1.1405436992645264
1820.734552, 21, 125, 1.3092999458312988
1825.1813989999998, 21, 150, 1.2014342546463013
1829.586537, 21, 175, 1.2966229915618896
1833.905705, 21, 200, 1.1798667907714844
1838.803356, 21, 225, 1.0381412506103516
1843.144257, 21, 250, 1.230999231338501
1847.508063, 21, 275, 1.1082844734191895
1851.97201, 21, 300, 1.2123440504074097
1856.675291, 21, 325, 1.1611976623535156
1861.082481, 21, 350, 1.1865170001983643
1865.453472, 21, 375, 1.110455870628357
1884.7210479999999, 22, 0, 1.2719686031341553
1889.7008899999998, 22, 25, 1.3425344228744507
1894.002988, 22, 50, 1.148135781288147
1898.478108, 22, 75, 1.4075597524642944
1902.830763, 22, 100, 1.1131259202957153
1907.701323, 22, 125, 1.328183650970459
1912.2998579999999, 22, 150, 1.0913949012756348
1916.9758539999998, 22, 175, 1.2223362922668457
1921.531642, 22, 200, 1.1642347574234009
1926.45554, 22, 225, 1.0805563926696777
1930.918305, 22, 250, 1.1572099924087524
1935.3680459999998, 22, 275, 1.0375218391418457
1939.8499969999998, 22, 300, 1.169303059577942
1944.767854, 22, 325, 1.1358011960983276
1949.160377, 22, 350, 1.1462931632995605
1953.563318, 22, 375, 1.1340558528900146
1971.842078, 23, 0, 1.2268130779266357
1976.826243, 23, 25, 1.3290369510650635
1981.198999, 23, 50, 1.1189489364624023
1985.678808, 23, 75, 1.3919267654418945
1990.1037339999998, 23, 100, 1.1169462203979492
1994.8121019999999, 23, 125, 1.414579153060913
1999.249286, 23, 150, 1.0388197898864746
2003.5425289999998, 23, 175, 1.2610059976577759
2008.0110949999998, 23, 200, 1.1218371391296387
2012.903241, 23, 225, 1.0072717666625977
2017.3273809999998, 23, 250, 1.1244990825653076
2021.727062, 23, 275, 1.0399703979492188
2026.210237, 23, 300, 1.1987552642822266
2030.9144609999998, 23, 325, 1.1256473064422607
2035.3252109999999, 23, 350, 1.132571816444397
2039.748975, 23, 375, 1.113601803779602
2059.04003, 24, 0, 1.2187395095825195
2064.0455859999997, 24, 25, 1.2755241394042969
2068.388001, 24, 50, 1.1393035650253296
2072.820838, 24, 75, 1.3276947736740112
2077.258743, 24, 100, 1.0836029052734375
2082.156762, 24, 125, 1.4658135175704956
2086.8915859999997, 24, 150, 1.0660829544067383
2091.378492, 24, 175, 1.1774590015411377
2095.67253, 24, 200, 1.0684819221496582
2100.616254, 24, 225, 1.0017235279083252
2105.024411, 24, 250, 1.213752269744873
2109.404102, 24, 275, 0.9871147871017456
2113.7933009999997, 24, 300, 1.15084969997406
2118.85301, 24, 325, 1.1183949708938599
2123.322079, 24, 350, 1.1329026222229004
2127.687496, 24, 375, 1.0416536331176758
2146.3257049999997, 25, 0, 1.212480068206787
2150.8867689999997, 25, 25, 1.304985523223877
2155.321731, 25, 50, 1.0858505964279175
2159.7524869999997, 25, 75, 1.3513846397399902
2164.162964, 25, 100, 1.1516541242599487
2169.155436, 25, 125, 1.5046414136886597
2173.617635, 25, 150, 1.0321390628814697
2177.9802409999998, 25, 175, 1.2007153034210205
2182.414375, 25, 200, 1.0686192512512207
2187.385198, 25, 225, 0.9601086378097534
2191.717522, 25, 250, 1.1764819622039795
2196.023699, 25, 275, 0.9611493945121765
2200.447043, 25, 300, 1.1578938961029053
2205.08213, 25, 325, 1.0997273921966553
2209.467832, 25, 350, 1.101428747177124
2213.967541, 25, 375, 1.0865223407745361
2233.609865, 26, 0, 1.1861624717712402
2238.642585, 26, 25, 1.1858114004135132
2243.158697, 26, 50, 1.1386770009994507
2247.666428, 26, 75, 1.289756178855896
2252.0368869999998, 26, 100, 1.1093695163726807
2256.956079, 26, 125, 1.3796665668487549
2261.414001, 26, 150, 1.0590815544128418
2265.858109, 26, 175, 1.1659281253814697
2270.225032, 26, 200, 1.0507135391235352
2275.106152, 26, 225, 0.945824146270752
2279.538, 26, 250, 1.0908229351043701
2283.922662, 26, 275, 0.9877942800521851
2288.2816829999997, 26, 300, 1.1389367580413818
2293.182438, 26, 325, 1.078397274017334
2297.5291629999997, 26, 350, 1.0930421352386475
2301.900792, 26, 375, 1.0553804636001587
2320.607878, 27, 0, 1.1659138202667236
2325.64795, 27, 25, 1.2523599863052368
2330.055715, 27, 50, 1.0803626775741577
2334.5232189999997, 27, 75, 1.2705960273742676
2338.936401, 27, 100, 1.1287245750427246
2343.922916, 27, 125, 1.4085156917572021
2348.3091999999997, 27, 150, 1.0692758560180664
2352.758487, 27, 175, 1.1193267107009888
2357.195488, 27, 200, 1.0524128675460815
2362.2233309999997, 27, 225, 0.9729090929031372
2366.64169, 27, 250, 1.1059272289276123
2371.01804, 27, 275, 0.9566959142684937
2375.446615, 27, 300, 1.227373719215393
2380.1904839999997, 27, 325, 1.052026629447937
2384.663463, 27, 350, 1.1028149127960205
2389.178535, 27, 375, 1.0353425741195679
2408.314888, 28, 0, 1.1554696559906006
2413.211794, 28, 25, 1.212979793548584
2417.658207, 28, 50, 1.1092159748077393
2422.07771, 28, 75, 1.260016918182373
2426.505063, 28, 100, 1.0795180797576904
2431.405367, 28, 125, 1.4297471046447754
2435.7651029999997, 28, 150, 1.0670809745788574
2440.048162, 28, 175, 1.1467068195343018
2444.383045, 28, 200, 1.1442904472351074
2449.268772, 28, 225, 0.934208869934082
2453.57428, 28, 250, 1.1080577373504639
2457.936877, 28, 275, 0.9373548030853271
2462.340413, 28, 300, 1.0169084072113037
2467.101642, 28, 325, 1.0633902549743652
2471.4743909999997, 28, 350, 1.073359489440918
2475.911853, 28, 375, 1.0515060424804688
2495.159373, 29, 0, 1.0666720867156982
2500.124193, 29, 25, 1.1884887218475342
2504.541697, 29, 50, 1.049311637878418
2508.874806, 29, 75, 1.2751381397247314
2513.278107, 29, 100, 1.1003458499908447
2518.269553, 29, 125, 1.4186806678771973
2522.7329099999997, 29, 150, 1.056347370147705
2527.078038, 29, 175, 1.1056809425354004
2531.667155, 29, 200, 1.026369333267212
2536.898792, 29, 225, 0.9292390942573547
2541.369893, 29, 250, 1.0995912551879883
2545.712972, 29, 275, 0.8940731287002563
2550.1731649999997, 29, 300, 1.0547351837158203
2555.048565, 29, 325, 1.0431880950927734
2559.475075, 29, 350, 1.072148323059082
2563.952598, 29, 375, 1.0500948429107666
