time, epoch, batch_idx, loss
0.2776550000000002, 0, 0, 6.913145065307617
5.062362, 0, 25, 4.418046951293945
9.254728, 0, 50, 3.1769115924835205
13.491254999999999, 0, 75, 2.6001546382904053
17.590327, 0, 100, 2.393594264984131
22.173581, 0, 125, 2.4393258094787598
26.450966, 0, 150, 2.4223718643188477
30.743943, 0, 175, 2.3634300231933594
34.981877, 0, 200, 2.336803913116455
39.824895, 0, 225, 2.3231353759765625
43.941027, 0, 250, 2.260676145553589
48.156275, 0, 275, 2.2722067832946777
52.33096, 0, 300, 2.200549840927124
57.111418, 0, 325, 2.1243367195129395
61.312845, 0, 350, 2.1908202171325684
65.50459599999999, 0, 375, 2.093827247619629
83.470013, 1, 0, 2.130378484725952
88.08045000000001, 1, 25, 2.1791415214538574
92.415512, 1, 50, 2.052609443664551
96.708542, 1, 75, 2.2456297874450684
100.993368, 1, 100, 2.0983800888061523
105.58769699999999, 1, 125, 2.182220220565796
109.869415, 1, 150, 2.0054984092712402
114.16698400000001, 1, 175, 1.9809821844100952
118.47862699999999, 1, 200, 2.0186145305633545
123.04025199999998, 1, 225, 1.9455245733261108
127.325661, 1, 250, 1.9713393449783325
131.59115699999998, 1, 275, 1.9228236675262451
135.913365, 1, 300, 1.9379335641860962
140.493662, 1, 325, 1.9295802116394043
144.766347, 1, 350, 2.0559234619140625
149.04518299999998, 1, 375, 1.9038939476013184
166.721275, 2, 0, 1.9815839529037476
171.281981, 2, 25, 2.098541259765625
175.66065, 2, 50, 1.7541141510009766
180.08019099999999, 2, 75, 2.0060157775878906
184.41626, 2, 100, 1.961881399154663
189.23823, 2, 125, 1.8838775157928467
193.597253, 2, 150, 1.8123748302459717
198.00968699999999, 2, 175, 1.8843567371368408
202.38671, 2, 200, 1.6868126392364502
207.208439, 2, 225, 1.7237613201141357
211.612178, 2, 250, 1.7787365913391113
215.908726, 2, 275, 1.7199885845184326
220.318364, 2, 300, 1.8515918254852295
225.799946, 2, 325, 1.7333611249923706
230.491228, 2, 350, 1.9666821956634521
235.611902, 2, 375, 1.8450846672058105
253.270085, 3, 0, 1.8349207639694214
258.103705, 3, 25, 2.024660110473633
262.530737, 3, 50, 1.6905725002288818
266.886174, 3, 75, 1.9840049743652344
271.129188, 3, 100, 1.832303524017334
276.021747, 3, 125, 1.9086835384368896
280.38052899999997, 3, 150, 1.7294713258743286
284.79123599999997, 3, 175, 1.7645158767700195
289.166375, 3, 200, 1.750522255897522
294.013743, 3, 225, 1.6257355213165283
298.395497, 3, 250, 1.687111258506775
302.749963, 3, 275, 1.7514703273773193
307.068717, 3, 300, 1.8052787780761719
311.998575, 3, 325, 1.7111073732376099
316.422659, 3, 350, 1.8618059158325195
320.838902, 3, 375, 1.7341744899749756
338.47108, 4, 0, 1.7395119667053223
343.448237, 4, 25, 1.869792103767395
347.800719, 4, 50, 1.6163465976715088
352.16371499999997, 4, 75, 1.977500081062317
356.51325099999997, 4, 100, 1.7394123077392578
361.449542, 4, 125, 1.8288705348968506
365.77077099999997, 4, 150, 1.7857732772827148
370.08507099999997, 4, 175, 1.7148077487945557
374.44105, 4, 200, 1.6020216941833496
379.417351, 4, 225, 1.5588452816009521
383.731338, 4, 250, 1.6038239002227783
388.13185799999997, 4, 275, 1.4958539009094238
392.53184799999997, 4, 300, 1.7040622234344482
397.411807, 4, 325, 1.7515642642974854
401.779595, 4, 350, 1.726799488067627
406.066337, 4, 375, 1.6721653938293457
423.6328, 5, 0, 1.7175772190093994
428.5364, 5, 25, 1.843010425567627
432.827348, 5, 50, 1.5624685287475586
437.19703699999997, 5, 75, 1.8426462411880493
441.590481, 5, 100, 1.7062526941299438
446.600731, 5, 125, 1.8082557916641235
450.995809, 5, 150, 1.649716854095459
455.386384, 5, 175, 1.6371910572052002
459.6739, 5, 200, 1.5651817321777344
464.500094, 5, 225, 1.4287304878234863
468.893081, 5, 250, 1.5353220701217651
473.230832, 5, 275, 1.5376180410385132
477.690164, 5, 300, 1.6270211935043335
482.594914, 5, 325, 1.5539592504501343
487.039034, 5, 350, 1.756528377532959
491.427895, 5, 375, 1.552521824836731
509.09784999999994, 6, 0, 1.7145063877105713
513.765205, 6, 25, 1.8949294090270996
518.066321, 6, 50, 1.5089735984802246
522.3610950000001, 6, 75, 1.8840172290802002
526.7560470000001, 6, 100, 1.6355185508728027
531.672957, 6, 125, 1.7000763416290283
536.192229, 6, 150, 1.540629267692566
540.795965, 6, 175, 1.573734998703003
545.400872, 6, 200, 1.4707170724868774
550.289339, 6, 225, 1.3939483165740967
554.6168190000001, 6, 250, 1.510159969329834
558.957697, 6, 275, 1.468928575515747
563.406319, 6, 300, 1.591539740562439
568.1322, 6, 325, 1.5710680484771729
572.458875, 6, 350, 1.6150883436203003
576.8142740000001, 6, 375, 1.4963619709014893
594.3597890000001, 7, 0, 1.6305084228515625
599.3320070000001, 7, 25, 1.761615514755249
603.6133910000001, 7, 50, 1.425248384475708
607.910343, 7, 75, 1.8214892148971558
612.2415540000001, 7, 100, 1.5812489986419678
617.1351500000001, 7, 125, 1.7690378427505493
621.521237, 7, 150, 1.5424714088439941
625.923535, 7, 175, 1.4813284873962402
630.3136450000001, 7, 200, 1.40287446975708
635.284478, 7, 225, 1.3595097064971924
639.7150190000001, 7, 250, 1.5843687057495117
644.1393310000001, 7, 275, 1.307132601737976
648.54808, 7, 300, 1.4841442108154297
653.4043, 7, 325, 1.4890280961990356
657.73978, 7, 350, 1.7967798709869385
662.110758, 7, 375, 1.5129960775375366
679.755252, 8, 0, 1.5128319263458252
684.6368160000001, 8, 25, 1.7325968742370605
688.934025, 8, 50, 1.3837816715240479
693.3175170000001, 8, 75, 1.7830710411071777
697.614371, 8, 100, 1.583925485610962
702.482522, 8, 125, 1.7556265592575073
706.879391, 8, 150, 1.5554702281951904
711.237832, 8, 175, 1.4778825044631958
715.58513, 8, 200, 1.3344871997833252
720.416637, 8, 225, 1.2613022327423096
724.845085, 8, 250, 1.4538726806640625
729.23361, 8, 275, 1.3273365497589111
733.617378, 8, 300, 1.464293122291565
738.582798, 8, 325, 1.6149704456329346
742.9974870000001, 8, 350, 1.6448262929916382
747.3574610000001, 8, 375, 1.3844109773635864
764.727574, 9, 0, 1.5030643939971924
769.669037, 9, 25, 1.6834039688110352
774.053896, 9, 50, 1.378400444984436
778.399046, 9, 75, 1.7845313549041748
782.757863, 9, 100, 1.5689500570297241
787.6879260000001, 9, 125, 1.651331901550293
792.0221310000001, 9, 150, 1.6103744506835938
796.387789, 9, 175, 1.4961401224136353
800.821366, 9, 200, 1.2766627073287964
805.715015, 9, 225, 1.2714296579360962
810.0938910000001, 9, 250, 1.437962293624878
814.307758, 9, 275, 1.2973947525024414
818.6778740000001, 9, 300, 1.3379895687103271
823.3670910000001, 9, 325, 1.599156141281128
827.790299, 9, 350, 1.5692304372787476
832.117428, 9, 375, 1.362851858139038
850.1558070000001, 10, 0, 1.3943883180618286
855.3713620000001, 10, 25, 1.5303993225097656
859.812982, 10, 50, 1.3969409465789795
864.2367670000001, 10, 75, 1.6422897577285767
868.527727, 10, 100, 1.5392487049102783
873.472736, 10, 125, 1.589778184890747
877.887245, 10, 150, 1.54616117477417
882.3288130000001, 10, 175, 1.4335516691207886
886.646063, 10, 200, 1.258120059967041
891.553072, 10, 225, 1.2395330667495728
896.03616, 10, 250, 1.408882975578308
900.455676, 10, 275, 1.1955220699310303
904.9173400000001, 10, 300, 1.347804069519043
909.556581, 10, 325, 1.523436427116394
913.9713390000001, 10, 350, 1.4967529773712158
918.3277720000001, 10, 375, 1.4065607786178589
935.911067, 11, 0, 1.3973886966705322
940.95887, 11, 25, 1.5650969743728638
945.4001420000001, 11, 50, 1.3463025093078613
949.8556480000001, 11, 75, 1.6685932874679565
954.269042, 11, 100, 1.4124339818954468
959.116517, 11, 125, 1.5829458236694336
963.5097860000001, 11, 150, 1.5565462112426758
967.8930280000001, 11, 175, 1.4063992500305176
972.23527, 11, 200, 1.2179275751113892
977.1697170000001, 11, 225, 1.221341609954834
981.5778180000001, 11, 250, 1.2896044254302979
986.02283, 11, 275, 1.1986138820648193
990.441215, 11, 300, 1.2732315063476562
995.310157, 11, 325, 1.5986071825027466
999.6366740000001, 11, 350, 1.4858977794647217
1004.0656150000001, 11, 375, 1.3341999053955078
1021.5327050000001, 12, 0, 1.374288558959961
1026.443088, 12, 25, 1.523228406906128
1030.773111, 12, 50, 1.3303165435791016
1035.160309, 12, 75, 1.6459734439849854
1039.597895, 12, 100, 1.3717985153198242
1044.499519, 12, 125, 1.5281383991241455
1048.918075, 12, 150, 1.5137147903442383
1053.3198690000002, 12, 175, 1.363470435142517
1057.761868, 12, 200, 1.2682465314865112
1062.6778920000002, 12, 225, 1.2247989177703857
1067.0799180000001, 12, 250, 1.2945624589920044
1071.379108, 12, 275, 1.126094937324524
1075.779945, 12, 300, 1.2713589668273926
1080.680479, 12, 325, 1.4948086738586426
1084.988483, 12, 350, 1.3936752080917358
1089.3458210000001, 12, 375, 1.3832558393478394
1107.08278, 13, 0, 1.3249483108520508
1112.011192, 13, 25, 1.4621994495391846
1116.387533, 13, 50, 1.3212605714797974
1120.790272, 13, 75, 1.5714889764785767
1125.1639, 13, 100, 1.3435609340667725
1130.099245, 13, 125, 1.5592539310455322
1134.5325930000001, 13, 150, 1.532915472984314
1139.082995, 13, 175, 1.337989091873169
1143.639623, 13, 200, 1.2060989141464233
1148.6100410000001, 13, 225, 1.173897624015808
1153.078455, 13, 250, 1.2535488605499268
1157.5673160000001, 13, 275, 1.1594616174697876
1162.245684, 13, 300, 1.2355082035064697
1167.34589, 13, 325, 1.5652709007263184
1171.765032, 13, 350, 1.3977638483047485
1176.1277870000001, 13, 375, 1.272459864616394
1193.676009, 14, 0, 1.3215088844299316
1198.377778, 14, 25, 1.4936699867248535
1202.80453, 14, 50, 1.3120014667510986
1207.117003, 14, 75, 1.5466217994689941
1211.703027, 14, 100, 1.292741298675537
1216.636993, 14, 125, 1.5222628116607666
1221.065186, 14, 150, 1.4588842391967773
1225.377388, 14, 175, 1.2978553771972656
1229.720595, 14, 200, 1.1942163705825806
1234.676588, 14, 225, 1.1390384435653687
1238.9881560000001, 14, 250, 1.2888388633728027
1243.398208, 14, 275, 1.1125346422195435
1247.818698, 14, 300, 1.239809274673462
1252.687472, 14, 325, 1.4225165843963623
1257.069099, 14, 350, 1.284542202949524
1261.476565, 14, 375, 1.3070378303527832
1279.0236, 15, 0, 1.3270249366760254
1283.783901, 15, 25, 1.5058648586273193
1288.156081, 15, 50, 1.2835980653762817
1292.495291, 15, 75, 1.5623208284378052
1296.8777380000001, 15, 100, 1.1507947444915771
1301.859733, 15, 125, 1.4308571815490723
1306.3212270000001, 15, 150, 1.3974013328552246
1310.731503, 15, 175, 1.3072478771209717
1315.1030970000002, 15, 200, 1.179512858390808
1319.744318, 15, 225, 1.0982303619384766
1324.0901410000001, 15, 250, 1.238968849182129
1328.469311, 15, 275, 1.0594255924224854
1332.883981, 15, 300, 1.260282278060913
1337.8452750000001, 15, 325, 1.4153759479522705
1342.165839, 15, 350, 1.3314341306686401
1346.434418, 15, 375, 1.2961480617523193
1364.019763, 16, 0, 1.258014440536499
1368.928816, 16, 25, 1.3952367305755615
1373.317808, 16, 50, 1.2867066860198975
1377.749254, 16, 75, 1.4869099855422974
1382.104018, 16, 100, 1.1348309516906738
1387.0135360000002, 16, 125, 1.4735045433044434
1391.424798, 16, 150, 1.4279217720031738
1395.797827, 16, 175, 1.2845561504364014
1400.278658, 16, 200, 1.1668643951416016
1405.217915, 16, 225, 1.0778974294662476
1409.607332, 16, 250, 1.1636967658996582
1414.03995, 16, 275, 1.0193113088607788
1418.485244, 16, 300, 1.2087374925613403
1423.438474, 16, 325, 1.4482526779174805
1427.726269, 16, 350, 1.2733676433563232
1432.163702, 16, 375, 1.3239728212356567
1450.201414, 17, 0, 1.2686458826065063
1455.181163, 17, 25, 1.413522720336914
1459.605137, 17, 50, 1.2505532503128052
1464.05355, 17, 75, 1.475636601448059
1468.8299570000001, 17, 100, 1.1635746955871582
1474.180161, 17, 125, 1.4839297533035278
1478.520555, 17, 150, 1.3679680824279785
1482.939266, 17, 175, 1.2307333946228027
1487.3336180000001, 17, 200, 1.1059333086013794
1492.2018070000001, 17, 225, 1.0709214210510254
1496.609212, 17, 250, 1.1983225345611572
1501.067378, 17, 275, 1.019588828086853
1505.373714, 17, 300, 1.2404186725616455
1510.362215, 17, 325, 1.4571599960327148
1514.752124, 17, 350, 1.2124648094177246
1519.209652, 17, 375, 1.239153265953064
1536.901507, 18, 0, 1.236194133758545
1541.766629, 18, 25, 1.4398372173309326
1546.1989230000001, 18, 50, 1.2799310684204102
1550.679408, 18, 75, 1.485970139503479
1555.051742, 18, 100, 1.0853869915008545
1559.955187, 18, 125, 1.4370982646942139
1564.325525, 18, 150, 1.4389934539794922
1568.650564, 18, 175, 1.2099251747131348
1572.955748, 18, 200, 1.1276099681854248
1577.9401890000001, 18, 225, 1.0488643646240234
1582.407692, 18, 250, 1.1407253742218018
1586.761055, 18, 275, 1.005299687385559
1591.1709270000001, 18, 300, 1.2257403135299683
1596.14155, 18, 325, 1.351987361907959
1600.449932, 18, 350, 1.221401333808899
1604.825076, 18, 375, 1.179574966430664
1622.323271, 19, 0, 1.1778500080108643
1627.182066, 19, 25, 1.404849648475647
1631.595734, 19, 50, 1.2562434673309326
1635.994651, 19, 75, 1.4225139617919922
1640.434418, 19, 100, 1.0929796695709229
1645.327369, 19, 125, 1.4614111185073853
1649.660236, 19, 150, 1.2624186277389526
1654.064476, 19, 175, 1.2571990489959717
1658.478564, 19, 200, 1.1107321977615356
1663.453641, 19, 225, 1.0386910438537598
1667.862489, 19, 250, 1.1736669540405273
1672.222398, 19, 275, 0.9668292999267578
1676.60161, 19, 300, 1.2009341716766357
1681.316881, 19, 325, 1.313448190689087
1685.639607, 19, 350, 1.2825167179107666
1689.987527, 19, 375, 1.1081876754760742
1707.750948, 20, 0, 1.1548569202423096
1712.693813, 20, 25, 1.3512921333312988
1716.959507, 20, 50, 1.201120138168335
1721.3540070000001, 20, 75, 1.3427672386169434
1725.682998, 20, 100, 1.0951236486434937
1730.6445310000001, 20, 125, 1.468063473701477
1735.059749, 20, 150, 1.2902326583862305
1739.474152, 20, 175, 1.2355420589447021
1743.8698650000001, 20, 200, 1.1472586393356323
1748.863755, 20, 225, 1.0160421133041382
1753.5021550000001, 20, 250, 1.1450411081314087
1757.86092, 20, 275, 0.9516103863716125
1762.205427, 20, 300, 1.1629120111465454
1767.24627, 20, 325, 1.2820972204208374
1771.5738000000001, 20, 350, 1.1872973442077637
1776.135136, 20, 375, 1.1194100379943848
1794.146769, 21, 0, 1.1563584804534912
1799.02423, 21, 25, 1.3131837844848633
1803.460202, 21, 50, 1.2048876285552979
1807.8162280000001, 21, 75, 1.3144142627716064
1812.2328320000001, 21, 100, 1.0951424837112427
1817.142666, 21, 125, 1.3288466930389404
1821.488417, 21, 150, 1.295788288116455
1825.862607, 21, 175, 1.1555683612823486
1830.267605, 21, 200, 1.1554648876190186
1834.977089, 21, 225, 1.0500891208648682
1839.295444, 21, 250, 1.1559045314788818
1843.630126, 21, 275, 0.9034295082092285
1847.971318, 21, 300, 1.2471179962158203
1852.937283, 21, 325, 1.2425816059112549
1857.333143, 21, 350, 1.1662019491195679
1861.734244, 21, 375, 1.1364853382110596
1879.4169120000001, 22, 0, 1.1832674741744995
1884.223953, 22, 25, 1.280895709991455
1888.5176780000002, 22, 50, 1.2668812274932861
1892.837847, 22, 75, 1.292276382446289
1897.183068, 22, 100, 1.0963811874389648
1902.057188, 22, 125, 1.4081273078918457
1906.5255570000002, 22, 150, 1.2463750839233398
1910.8691000000001, 22, 175, 1.182828664779663
1915.287844, 22, 200, 1.0788100957870483
1920.267977, 22, 225, 1.0027313232421875
1924.694522, 22, 250, 1.136399745941162
1929.009268, 22, 275, 0.9426267147064209
1933.419039, 22, 300, 1.226419448852539
1938.423917, 22, 325, 1.2040555477142334
1942.830963, 22, 350, 1.150458812713623
1947.251365, 22, 375, 1.1467273235321045
1964.8887180000002, 23, 0, 1.1445685625076294
1969.567011, 23, 25, 1.2627513408660889
1973.95724, 23, 50, 1.2286310195922852
1978.312749, 23, 75, 1.3120824098587036
1982.678545, 23, 100, 1.042405366897583
1987.679296, 23, 125, 1.4708701372146606
1992.112401, 23, 150, 1.2335302829742432
1996.500689, 23, 175, 1.1651248931884766
2000.9069690000001, 23, 200, 1.086193561553955
2005.5828390000001, 23, 225, 0.9949830770492554
2009.941372, 23, 250, 1.1468379497528076
2014.3078110000001, 23, 275, 0.9423459768295288
2018.718487, 23, 300, 1.2568385601043701
2023.669269, 23, 325, 1.1758387088775635
2028.042527, 23, 350, 1.2214679718017578
2032.44406, 23, 375, 1.1669623851776123
2050.121161, 24, 0, 1.198049783706665
2055.1638080000002, 24, 25, 1.2633602619171143
2059.858513, 24, 50, 1.182462215423584
2064.269981, 24, 75, 1.2531776428222656
2068.689652, 24, 100, 1.08008873462677
2073.721622, 24, 125, 1.452883243560791
2078.160476, 24, 150, 1.2129662036895752
2082.587574, 24, 175, 1.1679363250732422
2087.228556, 24, 200, 1.0940862894058228
2092.325377, 24, 225, 1.0127768516540527
2096.778491, 24, 250, 1.1131082773208618
2101.120783, 24, 275, 0.9451826810836792
2105.569815, 24, 300, 1.1261377334594727
2110.298923, 24, 325, 1.2162249088287354
2114.685036, 24, 350, 1.2823641300201416
2119.063886, 24, 375, 1.1103156805038452
2136.492596, 25, 0, 1.2346727848052979
2141.493264, 25, 25, 1.2586768865585327
2145.895143, 25, 50, 1.201423168182373
2150.321578, 25, 75, 1.2321619987487793
2154.678043, 25, 100, 1.0162107944488525
2159.330782, 25, 125, 1.4795825481414795
2163.592554, 25, 150, 1.1724650859832764
2167.953564, 25, 175, 1.172024130821228
2172.403486, 25, 200, 1.0499848127365112
2177.305977, 25, 225, 1.0197594165802002
2181.608094, 25, 250, 1.0991079807281494
2186.046344, 25, 275, 0.9614229202270508
2190.5140810000003, 25, 300, 0.9878222942352295
2195.524911, 25, 325, 1.2314428091049194
2199.91223, 25, 350, 1.1544628143310547
2204.285381, 25, 375, 1.1210039854049683
2221.999028, 26, 0, 1.1560988426208496
2226.932675, 26, 25, 1.2230831384658813
2231.363913, 26, 50, 1.236272931098938
2235.63671, 26, 75, 1.2485723495483398
2240.073715, 26, 100, 0.9413241147994995
2245.089766, 26, 125, 1.5067355632781982
2249.480057, 26, 150, 1.1109811067581177
2253.833181, 26, 175, 1.1738967895507812
2258.21825, 26, 200, 1.0224744081497192
2262.971133, 26, 225, 1.0332084894180298
2267.2916450000002, 26, 250, 1.093919038772583
2271.673289, 26, 275, 0.9260389804840088
2275.963521, 26, 300, 1.0354149341583252
2280.805401, 26, 325, 1.253065586090088
2285.178833, 26, 350, 1.105035424232483
2289.577189, 26, 375, 1.1387033462524414
2307.267802, 27, 0, 1.1463912725448608
2312.241998, 27, 25, 1.2356548309326172
2316.743286, 27, 50, 1.1852209568023682
2321.1335360000003, 27, 75, 1.1633203029632568
2325.547907, 27, 100, 0.9524182081222534
2330.494659, 27, 125, 1.4320170879364014
2334.8920120000002, 27, 150, 1.0978457927703857
2339.309767, 27, 175, 1.184572696685791
2343.773735, 27, 200, 0.9471158981323242
2348.796983, 27, 225, 1.0505646467208862
2353.280322, 27, 250, 1.0846854448318481
2357.763941, 27, 275, 0.9098126292228699
2362.369619, 27, 300, 1.0416741371154785
2367.158438, 27, 325, 1.350782871246338
2371.605933, 27, 350, 1.111039400100708
2375.994835, 27, 375, 1.2178852558135986
2393.549571, 28, 0, 1.0974799394607544
2398.747481, 28, 25, 1.1742465496063232
2403.360951, 28, 50, 1.2069671154022217
2407.769663, 28, 75, 1.204819679260254
2412.170161, 28, 100, 0.9688111543655396
2417.125104, 28, 125, 1.4592516422271729
2421.559865, 28, 150, 1.1198828220367432
2425.9613090000003, 28, 175, 1.1768351793289185
2430.3350960000002, 28, 200, 1.0242443084716797
2435.076696, 28, 225, 1.0535942316055298
2439.463491, 28, 250, 1.143756628036499
2443.73904, 28, 275, 0.8951199650764465
2448.046702, 28, 300, 1.0050747394561768
2453.003621, 28, 325, 1.2680463790893555
2457.416119, 28, 350, 1.081766963005066
2461.853133, 28, 375, 1.1308259963989258
2479.645965, 29, 0, 1.0264497995376587
2484.595161, 29, 25, 1.1982436180114746
2488.99412, 29, 50, 1.1108731031417847
2493.469764, 29, 75, 1.1858576536178589
2497.890524, 29, 100, 0.9914746284484863
2502.865752, 29, 125, 1.3315072059631348
2507.291304, 29, 150, 1.0589486360549927
2511.585359, 29, 175, 1.1149663925170898
2515.973164, 29, 200, 1.0286328792572021
2520.939405, 29, 225, 0.9710161685943604
2525.314992, 29, 250, 1.0658859014511108
2529.691769, 29, 275, 0.8500081300735474
2534.164911, 29, 300, 0.9719941020011902
2539.155229, 29, 325, 1.2701531648635864
2543.5945890000003, 29, 350, 1.053438663482666
2548.017075, 29, 375, 1.1016156673431396
