time, epoch, batch_idx, loss
0.27329700000000035, 0, 0, 6.9134931564331055
4.560809, 0, 25, 3.321608543395996
8.300308000000001, 0, 50, 2.4172520637512207
12.049846000000002, 0, 75, 2.4649720191955566
15.719283, 0, 100, 2.4044394493103027
20.109783, 0, 125, 2.4003076553344727
23.831126, 0, 150, 2.355494499206543
27.556228000000004, 0, 175, 2.3539340496063232
31.327493000000004, 0, 200, 2.314678907394409
35.586679000000004, 0, 225, 2.4054245948791504
39.371124, 0, 250, 2.3625197410583496
43.115143, 0, 275, 2.3845295906066895
46.930895, 0, 300, 2.362032890319824
51.302223, 0, 325, 2.330230474472046
55.056301, 0, 350, 2.3602685928344727
58.871621000000005, 0, 375, 2.305480718612671
77.801077, 1, 0, 2.340709924697876
82.213643, 1, 25, 2.3505048751831055
86.011242, 1, 50, 2.3489460945129395
89.865927, 1, 75, 2.320983409881592
93.645002, 1, 100, 2.3094639778137207
98.128907, 1, 125, 2.321521282196045
102.010519, 1, 150, 2.3103742599487305
105.905983, 1, 175, 2.326279878616333
109.70600400000001, 1, 200, 2.291637420654297
114.131628, 1, 225, 2.3069136142730713
117.954444, 1, 250, 2.273843288421631
121.769828, 1, 275, 2.2837257385253906
125.61187100000001, 1, 300, 2.2262277603149414
129.706425, 1, 325, 2.2296175956726074
133.587348, 1, 350, 2.2524373531341553
137.426961, 1, 375, 2.1768641471862793
152.879514, 2, 0, 2.2416093349456787
157.44654500000001, 2, 25, 2.1973209381103516
161.369212, 2, 50, 2.1852099895477295
165.823608, 2, 75, 2.161935806274414
170.191301, 2, 100, 2.1785638332366943
174.792955, 2, 125, 2.173123359680176
178.798835, 2, 150, 2.1389107704162598
182.801112, 2, 175, 2.139312267303467
186.756624, 2, 200, 2.0793681144714355
191.254789, 2, 225, 2.080756902694702
195.14078800000001, 2, 250, 2.092463731765747
199.182952, 2, 275, 2.128392457962036
203.34297, 2, 300, 2.147780656814575
207.986756, 2, 325, 2.0478336811065674
211.879338, 2, 350, 2.175095558166504
215.780145, 2, 375, 2.058372974395752
226.719841, 3, 0, 2.0656893253326416
231.209225, 3, 25, 2.060436725616455
235.096816, 3, 50, 1.968672752380371
239.106793, 3, 75, 2.040414810180664
243.028696, 3, 100, 2.0576884746551514
247.532822, 3, 125, 2.0855753421783447
251.51741399999997, 3, 150, 2.027707099914551
255.46562, 3, 175, 2.0626044273376465
259.423229, 3, 200, 2.0631229877471924
264.143377, 3, 225, 1.9570804834365845
268.15208, 3, 250, 2.038043975830078
272.05361800000003, 3, 275, 2.0068118572235107
275.994249, 3, 300, 2.0583202838897705
280.276174, 3, 325, 2.004685401916504
284.063697, 3, 350, 2.066725015640259
287.991791, 3, 375, 1.9839497804641724
306.713823, 4, 0, 1.9707996845245361
311.205666, 4, 25, 1.9778013229370117
315.058736, 4, 50, 1.9606950283050537
318.977859, 4, 75, 2.025570869445801
322.874646, 4, 100, 1.9470258951187134
327.064576, 4, 125, 2.0166239738464355
331.008896, 4, 150, 1.860846757888794
334.981292, 4, 175, 1.9419115781784058
338.942921, 4, 200, 1.8394815921783447
343.266701, 4, 225, 1.805116891860962
347.234524, 4, 250, 1.923682689666748
351.180525, 4, 275, 1.9104665517807007
355.088768, 4, 300, 1.9289065599441528
359.529789, 4, 325, 1.8727529048919678
363.422848, 4, 350, 1.9247453212738037
367.312738, 4, 375, 1.8695976734161377
384.353598, 5, 0, 1.8848921060562134
388.90002, 5, 25, 1.9245455265045166
392.834318, 5, 50, 1.775842308998108
396.657386, 5, 75, 1.8975658416748047
400.634663, 5, 100, 1.8218685388565063
405.179114, 5, 125, 1.955392837524414
409.038903, 5, 150, 1.7820912599563599
412.911117, 5, 175, 1.89179527759552
416.887759, 5, 200, 1.697636604309082
421.422654, 5, 225, 1.7200734615325928
425.29679, 5, 250, 1.890519142150879
429.199927, 5, 275, 1.8022220134735107
433.13123, 5, 300, 1.8362319469451904
437.377703, 5, 325, 1.7682236433029175
441.213117, 5, 350, 1.8457920551300049
445.126813, 5, 375, 1.7744083404541016
463.764614, 6, 0, 1.8026139736175537
468.147573, 6, 25, 1.8427350521087646
472.08775, 6, 50, 1.7075600624084473
475.981518, 6, 75, 1.8671504259109497
479.919805, 6, 100, 1.7408885955810547
484.238237, 6, 125, 1.8909131288528442
488.126082, 6, 150, 1.7340161800384521
492.016917, 6, 175, 1.833504319190979
495.926163, 6, 200, 1.6273897886276245
500.333468, 6, 225, 1.6541526317596436
504.21585, 6, 250, 1.8351656198501587
508.21188800000004, 6, 275, 1.7010600566864014
512.405185, 6, 300, 1.732426643371582
517.074075, 6, 325, 1.6728105545043945
520.966938, 6, 350, 1.782759428024292
524.881409, 6, 375, 1.74980628490448
543.829876, 7, 0, 1.736287236213684
548.2434030000001, 7, 25, 1.8013243675231934
552.093515, 7, 50, 1.6669073104858398
556.076224, 7, 75, 1.8091939687728882
559.928605, 7, 100, 1.6839430332183838
564.3836230000001, 7, 125, 1.827601432800293
568.520451, 7, 150, 1.7156291007995605
572.546308, 7, 175, 1.7425609827041626
576.473256, 7, 200, 1.5505049228668213
580.891232, 7, 225, 1.642730712890625
584.826022, 7, 250, 1.796970248222351
588.739504, 7, 275, 1.6271229982376099
592.605005, 7, 300, 1.730181336402893
597.035811, 7, 325, 1.6395936012268066
600.926244, 7, 350, 1.7954137325286865
604.813277, 7, 375, 1.711357831954956
623.294159, 8, 0, 1.7141777276992798
627.734537, 8, 25, 1.7953547239303589
631.704086, 8, 50, 1.6661241054534912
635.638752, 8, 75, 1.8149480819702148
639.533668, 8, 100, 1.6061265468597412
644.019407, 8, 125, 1.7954155206680298
647.909094, 8, 150, 1.6254053115844727
651.9242, 8, 175, 1.7312254905700684
655.7748, 8, 200, 1.5216628313064575
660.247107, 8, 225, 1.591807246208191
664.269257, 8, 250, 1.7307498455047607
668.173195, 8, 275, 1.6260077953338623
672.040355, 8, 300, 1.6432111263275146
676.561233, 8, 325, 1.5584616661071777
680.520622, 8, 350, 1.773783564567566
684.466409, 8, 375, 1.6327468156814575
703.001034, 9, 0, 1.7043395042419434
707.498394, 9, 25, 1.7758090496063232
711.435295, 9, 50, 1.6446752548217773
715.35703, 9, 75, 1.7871899604797363
719.257081, 9, 100, 1.5821449756622314
723.438213, 9, 125, 1.7523635625839233
727.324919, 9, 150, 1.5855696201324463
731.237781, 9, 175, 1.6864447593688965
735.099227, 9, 200, 1.50010085105896
739.558644, 9, 225, 1.562978982925415
743.462268, 9, 250, 1.6710747480392456
747.305302, 9, 275, 1.5937514305114746
751.248705, 9, 300, 1.6168596744537354
755.689435, 9, 325, 1.5261728763580322
759.623876, 9, 350, 1.7557529211044312
763.544892, 9, 375, 1.6171927452087402
782.05736, 10, 0, 1.653324842453003
786.221969, 10, 25, 1.7520369291305542
790.149227, 10, 50, 1.593955636024475
794.075827, 10, 75, 1.7853565216064453
797.900426, 10, 100, 1.4921650886535645
802.151911, 10, 125, 1.772221326828003
806.041908, 10, 150, 1.549888014793396
809.92232, 10, 175, 1.6458044052124023
813.747398, 10, 200, 1.43522047996521
818.043203, 10, 225, 1.5546565055847168
822.11855, 10, 250, 1.6721553802490234
826.299276, 10, 275, 1.5688673257827759
830.231185, 10, 300, 1.6026188135147095
834.5479, 10, 325, 1.50552237033844
838.481657, 10, 350, 1.6336443424224854
842.435282, 10, 375, 1.570181965827942
861.198274, 11, 0, 1.610683560371399
865.624032, 11, 25, 1.6946589946746826
869.584553, 11, 50, 1.592848539352417
873.714152, 11, 75, 1.7407476902008057
877.720004, 11, 100, 1.5188543796539307
882.120177, 11, 125, 1.7311186790466309
886.025705, 11, 150, 1.5338926315307617
889.933884, 11, 175, 1.6458795070648193
893.820577, 11, 200, 1.483398199081421
898.293554, 11, 225, 1.489724040031433
902.198, 11, 250, 1.6047534942626953
906.103094, 11, 275, 1.4878376722335815
910.10692, 11, 300, 1.5966026782989502
914.65251, 11, 325, 1.4610053300857544
918.600627, 11, 350, 1.6413267850875854
922.519337, 11, 375, 1.5585405826568604
940.723646, 12, 0, 1.5884835720062256
945.16821, 12, 25, 1.7268695831298828
949.251531, 12, 50, 1.540714979171753
953.27889, 12, 75, 1.772266149520874
957.166173, 12, 100, 1.4685205221176147
961.375244, 12, 125, 1.7207047939300537
965.320901, 12, 150, 1.5009033679962158
969.302416, 12, 175, 1.5993324518203735
973.274812, 12, 200, 1.4530210494995117
977.763446, 12, 225, 1.4548319578170776
981.78702, 12, 250, 1.556413173675537
985.768002, 12, 275, 1.4715909957885742
989.741953, 12, 300, 1.5647351741790771
994.275919, 12, 325, 1.4204378128051758
998.151768, 12, 350, 1.6506927013397217
1002.065606, 12, 375, 1.5179038047790527
1020.873728, 13, 0, 1.5991498231887817
1025.403084, 13, 25, 1.6647799015045166
1029.387158, 13, 50, 1.4919545650482178
1033.30778, 13, 75, 1.7508492469787598
1037.24801, 13, 100, 1.4875668287277222
1041.818643, 13, 125, 1.675307273864746
1045.778113, 13, 150, 1.4848772287368774
1049.789161, 13, 175, 1.6083848476409912
1053.811089, 13, 200, 1.4191339015960693
1058.316287, 13, 225, 1.4267247915267944
1062.208156, 13, 250, 1.507292628288269
1066.152548, 13, 275, 1.472817063331604
1070.077149, 13, 300, 1.5213537216186523
1074.558578, 13, 325, 1.4209010601043701
1079.230651, 13, 350, 1.578678011894226
1083.227274, 13, 375, 1.4840238094329834
1101.214438, 14, 0, 1.5545328855514526
1105.632917, 14, 25, 1.662536382675171
1109.535876, 14, 50, 1.511236310005188
1113.444692, 14, 75, 1.7027556896209717
1117.35787, 14, 100, 1.4267661571502686
1121.74314, 14, 125, 1.674773931503296
1125.73191, 14, 150, 1.4695289134979248
1129.818379, 14, 175, 1.5236510038375854
1133.971761, 14, 200, 1.3876197338104248
1138.590965, 14, 225, 1.3981870412826538
1142.574043, 14, 250, 1.4488470554351807
1146.509579, 14, 275, 1.4085667133331299
1150.434641, 14, 300, 1.4865249395370483
1154.94691, 14, 325, 1.3746826648712158
1158.847159, 14, 350, 1.5351872444152832
1162.715988, 14, 375, 1.470463752746582
1180.809875, 15, 0, 1.5418732166290283
1185.286052, 15, 25, 1.6398311853408813
1189.228322, 15, 50, 1.4616634845733643
1193.220728, 15, 75, 1.6554625034332275
1197.13359, 15, 100, 1.4517462253570557
1201.646352, 15, 125, 1.6117278337478638
1205.545063, 15, 150, 1.461841344833374
1209.406143, 15, 175, 1.507635235786438
1213.3112840000001, 15, 200, 1.3498512506484985
1217.75361, 15, 225, 1.364986777305603
1221.654476, 15, 250, 1.4200782775878906
1225.615757, 15, 275, 1.4146456718444824
1229.528802, 15, 300, 1.4855537414550781
1233.660674, 15, 325, 1.3662055730819702
1237.641448, 15, 350, 1.486719012260437
1241.650349, 15, 375, 1.435023546218872
1260.298074, 16, 0, 1.5745929479599
1264.758927, 16, 25, 1.6096762418746948
1268.643006, 16, 50, 1.4492719173431396
1272.560685, 16, 75, 1.6414036750793457
1276.506634, 16, 100, 1.3975509405136108
1281.034191, 16, 125, 1.5998567342758179
1285.030345, 16, 150, 1.4120347499847412
1288.874533, 16, 175, 1.5102953910827637
1292.791504, 16, 200, 1.3582125902175903
1297.325233, 16, 225, 1.3132154941558838
1301.131589, 16, 250, 1.383225440979004
1305.117942, 16, 275, 1.354743242263794
1309.043998, 16, 300, 1.4757713079452515
1313.519971, 16, 325, 1.3436329364776611
1317.360914, 16, 350, 1.4590141773223877
1321.216059, 16, 375, 1.454040765762329
1339.68604, 17, 0, 1.4908969402313232
1344.192384, 17, 25, 1.6078988313674927
1348.040665, 17, 50, 1.4233782291412354
1351.866241, 17, 75, 1.590712547302246
1355.761983, 17, 100, 1.3663091659545898
1360.249906, 17, 125, 1.5599584579467773
1364.143375, 17, 150, 1.3809707164764404
1368.094809, 17, 175, 1.4562174081802368
1372.032705, 17, 200, 1.2907803058624268
1376.489988, 17, 225, 1.2740657329559326
1380.447347, 17, 250, 1.334101676940918
1384.379182, 17, 275, 1.3240015506744385
1388.413451, 17, 300, 1.4427626132965088
1392.919132, 17, 325, 1.3638807535171509
1396.825932, 17, 350, 1.4698503017425537
1400.77399, 17, 375, 1.4045312404632568
1419.53042, 18, 0, 1.5136208534240723
1423.809974, 18, 25, 1.5730277299880981
1427.864267, 18, 50, 1.4220099449157715
1431.756263, 18, 75, 1.5978491306304932
1435.694388, 18, 100, 1.3265753984451294
1440.366444, 18, 125, 1.5099499225616455
1444.580578, 18, 150, 1.3553674221038818
1448.726059, 18, 175, 1.4516212940216064
1452.643449, 18, 200, 1.2818074226379395
1457.193516, 18, 225, 1.3043243885040283
1461.110179, 18, 250, 1.3203898668289185
1465.035751, 18, 275, 1.2876532077789307
1468.985753, 18, 300, 1.4109587669372559
1473.494293, 18, 325, 1.3184077739715576
1477.453922, 18, 350, 1.3890492916107178
1481.432049, 18, 375, 1.3907623291015625
1500.505939, 19, 0, 1.4664716720581055
1505.042985, 19, 25, 1.527906060218811
1509.012344, 19, 50, 1.3437716960906982
1512.950407, 19, 75, 1.5780811309814453
1516.915383, 19, 100, 1.3528733253479004
1521.352771, 19, 125, 1.4532034397125244
1525.297868, 19, 150, 1.3400607109069824
1529.215461, 19, 175, 1.4265222549438477
1533.21129, 19, 200, 1.2260013818740845
1537.73075, 19, 225, 1.25308096408844
1541.675108, 19, 250, 1.31815767288208
1545.681654, 19, 275, 1.281937837600708
1549.681943, 19, 300, 1.4209423065185547
1554.161464, 19, 325, 1.3438940048217773
1558.015627, 19, 350, 1.4072751998901367
1561.920464, 19, 375, 1.3838526010513306
1580.613648, 20, 0, 1.471142053604126
1585.122481, 20, 25, 1.5298734903335571
1589.10864, 20, 50, 1.410334825515747
1593.030552, 20, 75, 1.5121864080429077
1596.998973, 20, 100, 1.2957181930541992
1601.507578, 20, 125, 1.4540597200393677
1605.56892, 20, 150, 1.3395601511001587
1609.53999, 20, 175, 1.4466707706451416
1613.5555, 20, 200, 1.2466460466384888
1618.00118, 20, 225, 1.2746533155441284
1621.973157, 20, 250, 1.2796647548675537
1625.96632, 20, 275, 1.283374309539795
1629.973276, 20, 300, 1.3660495281219482
1634.491458, 20, 325, 1.3329006433486938
1638.412591, 20, 350, 1.3577075004577637
1642.399629, 20, 375, 1.3485661745071411
1660.668379, 21, 0, 1.4582998752593994
1665.139478, 21, 25, 1.5473018884658813
1668.969451, 21, 50, 1.3560583591461182
1672.869948, 21, 75, 1.5322248935699463
1676.868049, 21, 100, 1.26156747341156
1681.086582, 21, 125, 1.4575121402740479
1684.993743, 21, 150, 1.2848455905914307
1688.906186, 21, 175, 1.3798890113830566
1692.952785, 21, 200, 1.2202446460723877
1697.470823, 21, 225, 1.2211111783981323
1701.387231, 21, 250, 1.2929656505584717
1705.39998, 21, 275, 1.1997162103652954
1709.262574, 21, 300, 1.3746154308319092
1713.650287, 21, 325, 1.2794179916381836
1717.486638, 21, 350, 1.3438079357147217
1721.356869, 21, 375, 1.3429826498031616
1740.142803, 22, 0, 1.4925678968429565
1744.614266, 22, 25, 1.4965379238128662
1748.5918, 22, 50, 1.3237287998199463
1752.755621, 22, 75, 1.5138022899627686
1756.98657, 22, 100, 1.2752971649169922
1761.379721, 22, 125, 1.4503397941589355
1765.280317, 22, 150, 1.2712925672531128
1769.121225, 22, 175, 1.4268934726715088
1772.985789, 22, 200, 1.1908186674118042
1777.45061, 22, 225, 1.1859124898910522
1781.384856, 22, 250, 1.211637020111084
1785.388648, 22, 275, 1.2109942436218262
1789.415579, 22, 300, 1.3193366527557373
1794.189012, 22, 325, 1.2826062440872192
1798.105746, 22, 350, 1.300619125366211
1802.011556, 22, 375, 1.3590052127838135
1820.447943, 23, 0, 1.4673948287963867
1824.948403, 23, 25, 1.5104775428771973
1828.828419, 23, 50, 1.2884690761566162
1832.740261, 23, 75, 1.4622364044189453
1836.652729, 23, 100, 1.1988646984100342
1841.153577, 23, 125, 1.340226650238037
1845.02457, 23, 150, 1.266933798789978
1848.880772, 23, 175, 1.3862855434417725
1852.765037, 23, 200, 1.198199987411499
1857.207816, 23, 225, 1.131617784500122
1861.106668, 23, 250, 1.240218997001648
1865.001107, 23, 275, 1.262321949005127
1868.859381, 23, 300, 1.3332128524780273
1873.396316, 23, 325, 1.2418663501739502
1877.348227, 23, 350, 1.2822130918502808
1881.210447, 23, 375, 1.3042538166046143
1899.63144, 24, 0, 1.4719294309616089
1904.117091, 24, 25, 1.4490139484405518
1908.055268, 24, 50, 1.3094854354858398
1912.009624, 24, 75, 1.466989517211914
1915.923412, 24, 100, 1.2100197076797485
1920.368204, 24, 125, 1.3347070217132568
1924.258257, 24, 150, 1.237520694732666
1928.138692, 24, 175, 1.3959144353866577
1932.105725, 24, 200, 1.1409631967544556
1936.612722, 24, 225, 1.1302235126495361
1940.527507, 24, 250, 1.2028415203094482
1944.4657, 24, 275, 1.1723904609680176
1948.392295, 24, 300, 1.2301886081695557
1952.942758, 24, 325, 1.3120660781860352
1956.948439, 24, 350, 1.2482826709747314
1960.886343, 24, 375, 1.2990353107452393
1979.479392, 25, 0, 1.4460594654083252
1983.930631, 25, 25, 1.449376106262207
1987.747734, 25, 50, 1.2516865730285645
1991.684759, 25, 75, 1.405092716217041
1995.61938, 25, 100, 1.1981959342956543
2000.109786, 25, 125, 1.341314435005188
2004.092334, 25, 150, 1.2635833024978638
2007.983844, 25, 175, 1.3597642183303833
2011.947324, 25, 200, 1.1490702629089355
2016.425121, 25, 225, 1.119701623916626
2020.333614, 25, 250, 1.1929352283477783
2024.292655, 25, 275, 1.2037782669067383
2028.259444, 25, 300, 1.2788701057434082
2032.691093, 25, 325, 1.254500389099121
2036.618925, 25, 350, 1.1982901096343994
2040.576847, 25, 375, 1.2870161533355713
2059.144939, 26, 0, 1.46076238155365
2063.802267, 26, 25, 1.417370319366455
2067.952468, 26, 50, 1.2270772457122803
2071.897845, 26, 75, 1.3839111328125
2075.74649, 26, 100, 1.1907404661178589
2080.223701, 26, 125, 1.3045682907104492
2084.119614, 26, 150, 1.2333605289459229
2088.156158, 26, 175, 1.3721972703933716
2092.165233, 26, 200, 1.1380101442337036
2096.785888, 26, 225, 1.109398603439331
2100.87571, 26, 250, 1.1644768714904785
2104.793699, 26, 275, 1.21050226688385
2108.710049, 26, 300, 1.2512352466583252
2112.983454, 26, 325, 1.21553635597229
2116.935965, 26, 350, 1.1572052240371704
2120.884398, 26, 375, 1.1964703798294067
2139.809519, 27, 0, 1.4449623823165894
2144.226863, 27, 25, 1.436180830001831
2148.107964, 27, 50, 1.2423553466796875
2152.026386, 27, 75, 1.3929665088653564
2155.952787, 27, 100, 1.1432489156723022
2160.319099, 27, 125, 1.2909964323043823
2164.192885, 27, 150, 1.2424190044403076
2168.006749, 27, 175, 1.3566817045211792
2171.910773, 27, 200, 1.1095774173736572
2176.39994, 27, 225, 1.0868089199066162
2180.283688, 27, 250, 1.1265860795974731
2184.233182, 27, 275, 1.1524221897125244
2188.184669, 27, 300, 1.214717149734497
2192.692991, 27, 325, 1.2474570274353027
2196.666623, 27, 350, 1.190467357635498
2200.567633, 27, 375, 1.2384179830551147
2219.108048, 28, 0, 1.3845497369766235
2223.575244, 28, 25, 1.3818936347961426
2227.581862, 28, 50, 1.2492876052856445
2231.506003, 28, 75, 1.384164571762085
2235.48345, 28, 100, 1.116707444190979
2239.999332, 28, 125, 1.2483131885528564
2243.881609, 28, 150, 1.18831467628479
2247.819343, 28, 175, 1.3408645391464233
2251.743163, 28, 200, 1.092574119567871
2256.217468, 28, 225, 1.0926731824874878
2260.251665, 28, 250, 1.1638410091400146
2264.185124, 28, 275, 1.1848783493041992
2268.090347, 28, 300, 1.1957740783691406
2272.627944, 28, 325, 1.2249195575714111
2276.605835, 28, 350, 1.185020089149475
2280.577686, 28, 375, 1.1839849948883057
2297.893814, 29, 0, 1.4304051399230957
2302.459606, 29, 25, 1.4062198400497437
2306.365501, 29, 50, 1.1635191440582275
2310.293154, 29, 75, 1.3409173488616943
2314.220382, 29, 100, 1.1296180486679077
2318.788921, 29, 125, 1.2535450458526611
2322.76714, 29, 150, 1.1789857149124146
2326.747448, 29, 175, 1.339815616607666
2330.692448, 29, 200, 1.1030594110488892
2335.230604, 29, 225, 1.056027889251709
2339.135325, 29, 250, 1.13091242313385
2343.168574, 29, 275, 1.2119691371917725
2347.113135, 29, 300, 1.1795527935028076
2351.544288, 29, 325, 1.2061161994934082
2355.465384, 29, 350, 1.1898534297943115
2359.295663, 29, 375, 1.2486376762390137
