time, epoch, batch_idx, loss
0.3116599999999998, 0, 0, 6.901805877685547
5.376358000000001, 0, 25, 4.802733898162842
9.832622, 0, 50, 2.4870493412017822
13.836587999999999, 0, 75, 2.3858938217163086
18.210556, 0, 100, 2.3270187377929688
22.213144, 0, 125, 2.3999481201171875
26.710361, 0, 150, 2.3802566528320312
31.066708000000002, 0, 175, 2.3472230434417725
35.302501, 0, 200, 2.290976047515869
40.099136, 0, 225, 2.3271636962890625
44.054088, 0, 250, 2.3089544773101807
48.405582, 0, 275, 2.263209342956543
52.861748000000006, 0, 300, 2.169419765472412
57.545186, 0, 325, 2.180217742919922
61.89396000000001, 0, 350, 2.167696952819824
66.163867, 0, 375, 2.2901458740234375
77.170671, 1, 0, 2.177635431289673
82.12886400000001, 1, 25, 2.153778076171875
86.675683, 1, 50, 1.990909457206726
91.132036, 1, 75, 2.258617639541626
95.655959, 1, 100, 2.099579334259033
100.075877, 1, 125, 2.143622398376465
104.354142, 1, 150, 2.0865302085876465
108.582776, 1, 175, 2.0786638259887695
112.942733, 1, 200, 2.0434763431549072
117.332479, 1, 225, 1.9434247016906738
121.62822200000001, 1, 250, 1.9592697620391846
126.25760100000001, 1, 275, 2.1120994091033936
130.631631, 1, 300, 2.0380866527557373
135.43708999999998, 1, 325, 1.911942958831787
139.30304099999998, 1, 350, 2.004140853881836
144.04035399999998, 1, 375, 2.100264310836792
155.013997, 2, 0, 2.013585090637207
159.65501999999998, 2, 25, 2.02287220954895
164.33673399999998, 2, 50, 1.9301888942718506
168.952181, 2, 75, 2.063788890838623
173.43646299999997, 2, 100, 1.8900405168533325
177.9059, 2, 125, 1.9934214353561401
182.227012, 2, 150, 1.8131060600280762
186.05488799999998, 2, 175, 2.0483789443969727
189.84507599999998, 2, 200, 1.8587474822998047
194.11316599999998, 2, 225, 1.7742630243301392
198.48460799999998, 2, 250, 1.8590619564056396
202.50968799999998, 2, 275, 1.9351155757904053
206.51109599999998, 2, 300, 1.904481053352356
211.28517699999998, 2, 325, 1.8438873291015625
215.19696399999998, 2, 350, 1.8505070209503174
219.593181, 2, 375, 1.9337751865386963
235.49812999999997, 3, 0, 1.9482295513153076
240.332045, 3, 25, 1.9336426258087158
244.93517899999998, 3, 50, 1.7681524753570557
249.07957199999998, 3, 75, 1.934166669845581
253.55552499999996, 3, 100, 1.8344467878341675
258.766547, 3, 125, 1.924304485321045
263.31688, 3, 150, 1.7804675102233887
267.79729100000003, 3, 175, 1.9472640752792358
272.251801, 3, 200, 1.602059006690979
277.03366900000003, 3, 225, 1.6364644765853882
281.60188300000004, 3, 250, 1.776200771331787
286.489948, 3, 275, 1.8243300914764404
290.948739, 3, 300, 1.9074627161026
296.03022400000003, 3, 325, 1.7156519889831543
300.517914, 3, 350, 1.7302203178405762
305.17064300000004, 3, 375, 1.794865608215332
319.050808, 4, 0, 1.8299732208251953
323.995767, 4, 25, 1.8535373210906982
328.094697, 4, 50, 1.6551496982574463
332.441669, 4, 75, 1.9402945041656494
336.872513, 4, 100, 1.8185185194015503
341.11060000000003, 4, 125, 1.7675065994262695
345.349509, 4, 150, 1.7065010070800781
352.3447, 4, 175, 1.8575196266174316
357.846741, 4, 200, 1.5955002307891846
362.779241, 4, 225, 1.5788090229034424
367.017903, 4, 250, 1.704300880432129
370.964199, 4, 275, 1.769216775894165
375.544374, 4, 300, 1.6789400577545166
380.29619, 4, 325, 1.6810752153396606
384.839227, 4, 350, 1.7518749237060547
389.382837, 4, 375, 1.7300703525543213
404.844785, 5, 0, 1.7399251461029053
409.45315600000004, 5, 25, 1.792752742767334
413.581583, 5, 50, 1.597409725189209
417.196974, 5, 75, 1.9612019062042236
421.425969, 5, 100, 1.7336933612823486
426.57594800000004, 5, 125, 1.75517737865448
430.42649700000004, 5, 150, 1.745457649230957
434.884505, 5, 175, 1.7852017879486084
439.245106, 5, 200, 1.6052215099334717
444.022256, 5, 225, 1.5748854875564575
448.198571, 5, 250, 1.655805230140686
452.834104, 5, 275, 1.61310875415802
457.349824, 5, 300, 1.6184322834014893
462.34432100000004, 5, 325, 1.5774192810058594
467.105699, 5, 350, 1.7305742502212524
471.140581, 5, 375, 1.6587176322937012
487.24034800000004, 6, 0, 1.7423925399780273
492.169683, 6, 25, 1.7533559799194336
496.475704, 6, 50, 1.5409048795700073
501.153613, 6, 75, 1.9685795307159424
505.291848, 6, 100, 1.627139687538147
509.55341899999996, 6, 125, 1.7033557891845703
513.768089, 6, 150, 1.6546123027801514
517.835525, 6, 175, 1.7040733098983765
522.620117, 6, 200, 1.5654007196426392
527.540199, 6, 225, 1.5034840106964111
531.987913, 6, 250, 1.6112970113754272
536.245993, 6, 275, 1.5381410121917725
540.464708, 6, 300, 1.612501621246338
545.3280100000001, 6, 325, 1.585654616355896
549.665122, 6, 350, 1.7287299633026123
554.277516, 6, 375, 1.5974764823913574
569.499714, 7, 0, 1.6246185302734375
573.8139150000001, 7, 25, 1.666355013847351
578.54498, 7, 50, 1.540087103843689
582.6655440000001, 7, 75, 1.8701931238174438
587.567779, 7, 100, 1.604307770729065
592.059787, 7, 125, 1.6488597393035889
595.55903, 7, 150, 1.6057924032211304
599.989913, 7, 175, 1.667876958847046
604.223383, 7, 200, 1.5541813373565674
608.4390050000001, 7, 225, 1.4360631704330444
613.053977, 7, 250, 1.5734103918075562
617.79804, 7, 275, 1.5072365999221802
622.043459, 7, 300, 1.4804266691207886
627.334436, 7, 325, 1.6083273887634277
631.567536, 7, 350, 1.619908332824707
636.100811, 7, 375, 1.5106754302978516
651.5069, 8, 0, 1.5500081777572632
656.0129450000001, 8, 25, 1.6596368551254272
659.94647, 8, 50, 1.5015897750854492
664.053929, 8, 75, 1.8969967365264893
668.328501, 8, 100, 1.6544651985168457
672.5115470000001, 8, 125, 1.6563928127288818
676.4385080000001, 8, 150, 1.5417935848236084
680.854234, 8, 175, 1.557215929031372
685.253795, 8, 200, 1.47517728805542
688.892722, 8, 225, 1.4225414991378784
693.5069970000001, 8, 250, 1.508599877357483
698.329987, 8, 275, 1.4868415594100952
702.94719, 8, 300, 1.5266164541244507
707.700831, 8, 325, 1.6371040344238281
711.8870410000001, 8, 350, 1.6487212181091309
716.7447500000001, 8, 375, 1.5467556715011597
733.142018, 9, 0, 1.5205302238464355
737.727841, 9, 25, 1.635210394859314
742.534461, 9, 50, 1.4225945472717285
746.945583, 9, 75, 1.7816247940063477
751.056614, 9, 100, 1.5793116092681885
755.5906160000001, 9, 125, 1.5300278663635254
760.382335, 9, 150, 1.5178968906402588
764.556386, 9, 175, 1.5505454540252686
768.680325, 9, 200, 1.5384244918823242
773.338554, 9, 225, 1.332335114479065
777.430443, 9, 250, 1.4621238708496094
782.039033, 9, 275, 1.473345398902893
786.404586, 9, 300, 1.4296436309814453
790.848152, 9, 325, 1.659604787826538
794.453984, 9, 350, 1.5257242918014526
798.9784060000001, 9, 375, 1.4974420070648193
815.124955, 10, 0, 1.5214959383010864
819.9361650000001, 10, 25, 1.6511642932891846
823.996834, 10, 50, 1.3864754438400269
828.208434, 10, 75, 1.7261700630187988
832.7987880000001, 10, 100, 1.5244468450546265
837.3498050000001, 10, 125, 1.5496346950531006
841.686382, 10, 150, 1.5825533866882324
845.972349, 10, 175, 1.4967098236083984
850.393382, 10, 200, 1.3732064962387085
855.2424970000001, 10, 225, 1.262956142425537
859.162719, 10, 250, 1.417584776878357
863.556054, 10, 275, 1.36753511428833
868.286105, 10, 300, 1.3908002376556396
872.500865, 10, 325, 1.5416970252990723
876.8928040000001, 10, 350, 1.5139180421829224
881.3804240000001, 10, 375, 1.483597755432129
897.3820910000001, 11, 0, 1.4975788593292236
902.110755, 11, 25, 1.7165226936340332
906.592614, 11, 50, 1.375422477722168
911.177868, 11, 75, 1.7295286655426025
915.307868, 11, 100, 1.526799201965332
920.192222, 11, 125, 1.4911158084869385
924.886462, 11, 150, 1.5315303802490234
929.16026, 11, 175, 1.4876513481140137
933.769904, 11, 200, 1.3928327560424805
938.423436, 11, 225, 1.2310550212860107
942.67956, 11, 250, 1.399420976638794
946.9379, 11, 275, 1.3113486766815186
950.7518210000001, 11, 300, 1.3568027019500732
955.552756, 11, 325, 1.5992738008499146
959.999946, 11, 350, 1.4990029335021973
964.355057, 11, 375, 1.4617427587509155
978.609716, 12, 0, 1.4885239601135254
983.279523, 12, 25, 1.6589090824127197
987.566181, 12, 50, 1.3236279487609863
991.806598, 12, 75, 1.7001264095306396
996.065801, 12, 100, 1.4421231746673584
1000.788324, 12, 125, 1.5465281009674072
1004.266352, 12, 150, 1.4436413049697876
1008.790001, 12, 175, 1.4241396188735962
1013.121439, 12, 200, 1.3421199321746826
1017.671867, 12, 225, 1.2194393873214722
1021.855773, 12, 250, 1.4780266284942627
1025.701893, 12, 275, 1.2733466625213623
1029.709455, 12, 300, 1.3966286182403564
1034.549805, 12, 325, 1.4749755859375
1039.136357, 12, 350, 1.371000051498413
1043.357735, 12, 375, 1.4029512405395508
1059.474674, 13, 0, 1.444114089012146
1064.171389, 13, 25, 1.62080979347229
1068.601785, 13, 50, 1.3529666662216187
1073.215134, 13, 75, 1.699781894683838
1077.674475, 13, 100, 1.4413158893585205
1081.809309, 13, 125, 1.525956630706787
1085.6425590000001, 13, 150, 1.4610528945922852
1089.905698, 13, 175, 1.4086992740631104
1093.927261, 13, 200, 1.338273525238037
1098.064433, 13, 225, 1.2239789962768555
1102.7682770000001, 13, 250, 1.438249945640564
1107.546135, 13, 275, 1.2773373126983643
1111.405184, 13, 300, 1.3379619121551514
1115.344184, 13, 325, 1.422762155532837
1119.755328, 13, 350, 1.4199068546295166
1124.171404, 13, 375, 1.5076844692230225
1139.99768, 14, 0, 1.3882333040237427
1144.988933, 14, 25, 1.6058428287506104
1149.820563, 14, 50, 1.3360340595245361
1153.90922, 14, 75, 1.6886380910873413
1158.260478, 14, 100, 1.3782131671905518
1162.334165, 14, 125, 1.5246872901916504
1166.740077, 14, 150, 1.4130730628967285
1171.116669, 14, 175, 1.3502421379089355
1175.9772580000001, 14, 200, 1.2559282779693604
1180.591389, 14, 225, 1.1678752899169922
1185.1106, 14, 250, 1.44938325881958
1189.485168, 14, 275, 1.2076524496078491
1193.849838, 14, 300, 1.3152045011520386
1198.531735, 14, 325, 1.441725492477417
1202.944777, 14, 350, 1.3396642208099365
1207.103557, 14, 375, 1.435545802116394
1223.604837, 15, 0, 1.3988378047943115
1228.222914, 15, 25, 1.6124385595321655
1232.751718, 15, 50, 1.2984925508499146
1237.203364, 15, 75, 1.6054707765579224
1241.241541, 15, 100, 1.3567118644714355
1245.512284, 15, 125, 1.4793366193771362
1249.7749900000001, 15, 150, 1.3876798152923584
1253.94695, 15, 175, 1.3664137125015259
1258.29319, 15, 200, 1.2667423486709595
1262.992976, 15, 225, 1.171035885810852
1267.2097840000001, 15, 250, 1.4016449451446533
1271.197926, 15, 275, 1.255312204360962
1275.770589, 15, 300, 1.384899616241455
1280.186635, 15, 325, 1.446937084197998
1284.347658, 15, 350, 1.3580561876296997
1289.109944, 15, 375, 1.367795467376709
1304.817605, 16, 0, 1.4156100749969482
1309.428417, 16, 25, 1.5788801908493042
1313.097278, 16, 50, 1.3038517236709595
1317.55225, 16, 75, 1.5980923175811768
1321.869788, 16, 100, 1.310732126235962
1326.613009, 16, 125, 1.4235514402389526
1330.998303, 16, 150, 1.356675386428833
1335.435552, 16, 175, 1.3352293968200684
1339.717021, 16, 200, 1.2337830066680908
1344.485974, 16, 225, 1.1004178524017334
1348.726201, 16, 250, 1.405342936515808
1353.158291, 16, 275, 1.2084616422653198
1357.4922960000001, 16, 300, 1.2756094932556152
1362.096143, 16, 325, 1.3495702743530273
1366.5109850000001, 16, 350, 1.215537667274475
1371.012001, 16, 375, 1.41652250289917
1386.891898, 17, 0, 1.3480864763259888
1391.6965480000001, 17, 25, 1.4984732866287231
1395.796072, 17, 50, 1.2640889883041382
1400.147897, 17, 75, 1.6503825187683105
1404.754083, 17, 100, 1.318723440170288
1409.352139, 17, 125, 1.460613489151001
1413.738042, 17, 150, 1.4314227104187012
1418.376441, 17, 175, 1.2557408809661865
1422.8208750000001, 17, 200, 1.22172212600708
1427.232119, 17, 225, 1.1483242511749268
1431.520168, 17, 250, 1.3781187534332275
1435.997065, 17, 275, 1.1378461122512817
1440.151186, 17, 300, 1.3323649168014526
1444.672306, 17, 325, 1.3863407373428345
1449.005535, 17, 350, 1.1947444677352905
1453.378942, 17, 375, 1.3637232780456543
1469.703914, 18, 0, 1.3277614116668701
1474.261337, 18, 25, 1.4851477146148682
1478.770717, 18, 50, 1.2363624572753906
1482.998487, 18, 75, 1.546168327331543
1487.252848, 18, 100, 1.2782084941864014
1491.684171, 18, 125, 1.3782740831375122
1496.156378, 18, 150, 1.2941842079162598
1500.170528, 18, 175, 1.248073935508728
1504.548844, 18, 200, 1.2242183685302734
1509.506266, 18, 225, 1.0939357280731201
1514.152701, 18, 250, 1.3070898056030273
1518.568464, 18, 275, 1.1625921726226807
1522.759731, 18, 300, 1.2708512544631958
1527.545521, 18, 325, 1.3578146696090698
1532.356362, 18, 350, 1.167327880859375
1536.8457270000001, 18, 375, 1.3373093605041504
1552.513617, 19, 0, 1.3649718761444092
1557.284267, 19, 25, 1.5490648746490479
1561.6446310000001, 19, 50, 1.1767672300338745
1565.658095, 19, 75, 1.510970115661621
1569.679449, 19, 100, 1.2262128591537476
1574.105119, 19, 125, 1.308699131011963
1578.286121, 19, 150, 1.2998602390289307
1582.8086700000001, 19, 175, 1.252168893814087
1586.34944, 19, 200, 1.1890017986297607
1591.32532, 19, 225, 1.0753058195114136
1595.1916390000001, 19, 250, 1.2601089477539062
1599.412565, 19, 275, 1.0800412893295288
1603.447862, 19, 300, 1.2768809795379639
1608.362809, 19, 325, 1.3217360973358154
1612.846192, 19, 350, 1.1618022918701172
1616.805102, 19, 375, 1.3348156213760376
1632.485167, 20, 0, 1.3129420280456543
1637.1319, 20, 25, 1.4491941928863525
1641.375274, 20, 50, 1.2093281745910645
1645.680614, 20, 75, 1.472819209098816
1650.356319, 20, 100, 1.2067759037017822
1655.383066, 20, 125, 1.3078935146331787
1659.593922, 20, 150, 1.2686257362365723
1663.8915690000001, 20, 175, 1.2431447505950928
1667.963776, 20, 200, 1.2115278244018555
1672.742456, 20, 225, 1.1119897365570068
1677.1946990000001, 20, 250, 1.2702687978744507
1681.595941, 20, 275, 1.10866117477417
1686.1951040000001, 20, 300, 1.2490496635437012
1691.358021, 20, 325, 1.2987768650054932
1695.783428, 20, 350, 1.1557680368423462
1700.369289, 20, 375, 1.3756705522537231
1716.831725, 21, 0, 1.3138651847839355
1721.6326490000001, 21, 25, 1.4836399555206299
1726.048859, 21, 50, 1.1683955192565918
1730.328591, 21, 75, 1.4009830951690674
1735.008106, 21, 100, 1.2084567546844482
1739.633179, 21, 125, 1.2935140132904053
1744.266122, 21, 150, 1.2240517139434814
1748.7498150000001, 21, 175, 1.2105064392089844
1753.268273, 21, 200, 1.1037602424621582
1757.803418, 21, 225, 1.0546873807907104
1762.1485460000001, 21, 250, 1.2615361213684082
1766.527884, 21, 275, 1.0593562126159668
1770.919556, 21, 300, 1.2325685024261475
1775.142973, 21, 325, 1.3843423128128052
1779.46085, 21, 350, 1.112299919128418
1783.703926, 21, 375, 1.2620800733566284
1798.906153, 22, 0, 1.2579619884490967
1803.887535, 22, 25, 1.5066357851028442
1808.465762, 22, 50, 1.2075169086456299
1813.023072, 22, 75, 1.4289872646331787
1817.557394, 22, 100, 1.1735050678253174
1821.82058, 22, 125, 1.280922293663025
1826.2281150000001, 22, 150, 1.2254736423492432
1830.4236310000001, 22, 175, 1.2388761043548584
1834.207784, 22, 200, 1.2377616167068481
1839.076736, 22, 225, 1.053398847579956
1843.500311, 22, 250, 1.2209975719451904
1848.197656, 22, 275, 1.0143077373504639
1852.843836, 22, 300, 1.2504651546478271
1857.390578, 22, 325, 1.3480416536331177
1862.178499, 22, 350, 1.086228370666504
1866.456495, 22, 375, 1.2527363300323486
1881.411053, 23, 0, 1.2534453868865967
1886.160103, 23, 25, 1.4245600700378418
1890.425501, 23, 50, 1.172989845275879
1895.218632, 23, 75, 1.3796603679656982
1899.245739, 23, 100, 1.16403329372406
1903.587665, 23, 125, 1.244540810585022
1907.913329, 23, 150, 1.20034921169281
1912.145287, 23, 175, 1.235586404800415
1915.914541, 23, 200, 1.1970144510269165
1920.520412, 23, 225, 1.07381272315979
1924.652796, 23, 250, 1.2365721464157104
1929.24792, 23, 275, 0.9992024898529053
1933.87256, 23, 300, 1.2380955219268799
1938.555206, 23, 325, 1.2754862308502197
1943.022278, 23, 350, 1.0661487579345703
1946.873982, 23, 375, 1.2274892330169678
1963.288411, 24, 0, 1.2580125331878662
1968.250623, 24, 25, 1.4510401487350464
1972.25588, 24, 50, 1.2107322216033936
1976.637563, 24, 75, 1.403552532196045
1980.807101, 24, 100, 1.160662293434143
1985.388804, 24, 125, 1.2667064666748047
1989.784961, 24, 150, 1.1927826404571533
1994.302046, 24, 175, 1.1932977437973022
1998.064768, 24, 200, 1.1774840354919434
2003.0426850000001, 24, 225, 0.9649274945259094
2007.367268, 24, 250, 1.1797471046447754
2011.703057, 24, 275, 0.9663981795310974
2017.0912230000001, 24, 300, 1.1450797319412231
2022.063569, 24, 325, 1.3204911947250366
2025.841125, 24, 350, 0.9993894100189209
2030.03735, 24, 375, 1.2303863763809204
2045.419455, 25, 0, 1.2430124282836914
2050.1337489999996, 25, 25, 1.4299798011779785
2054.136055, 25, 50, 1.1890323162078857
2058.072796, 25, 75, 1.358872890472412
2062.973669, 25, 100, 1.1273859739303589
2067.86444, 25, 125, 1.2307689189910889
2072.294868, 25, 150, 1.1550610065460205
2076.8438239999996, 25, 175, 1.1569637060165405
2081.403125, 25, 200, 1.1282758712768555
2086.601996, 25, 225, 1.0132695436477661
2090.758609, 25, 250, 1.2366526126861572
2095.4020539999997, 25, 275, 1.0296895503997803
2099.374961, 25, 300, 1.1881330013275146
2104.521375, 25, 325, 1.315772533416748
2109.5103599999998, 25, 350, 1.0122977495193481
2114.1920269999996, 25, 375, 1.2104822397232056
2129.748189, 26, 0, 1.2526822090148926
2134.522145, 26, 25, 1.4253350496292114
2139.074339, 26, 50, 1.1778833866119385
2143.2959429999996, 26, 75, 1.3881922960281372
2147.8741919999998, 26, 100, 1.1016632318496704
2152.8349489999996, 26, 125, 1.1813831329345703
2157.8317049999996, 26, 150, 1.1445859670639038
2162.315424, 26, 175, 1.1698763370513916
2166.361469, 26, 200, 1.175771713256836
2170.584708, 26, 225, 0.9944907426834106
2174.4992469999997, 26, 250, 1.2796590328216553
2178.768815, 26, 275, 1.020866870880127
2183.073441, 26, 300, 1.2426917552947998
2187.59887, 26, 325, 1.2952282428741455
2191.6088929999996, 26, 350, 1.006874680519104
2195.3738009999997, 26, 375, 1.1680740118026733
2210.987862, 27, 0, 1.2909557819366455
2216.1132119999997, 27, 25, 1.3745063543319702
2220.592713, 27, 50, 1.1380743980407715
2224.7478389999997, 27, 75, 1.3320496082305908
2229.3388729999997, 27, 100, 1.132461667060852
2233.978326, 27, 125, 1.2377707958221436
2238.3981989999997, 27, 150, 1.128730058670044
2242.806358, 27, 175, 1.121797800064087
2246.9709439999997, 27, 200, 1.0992369651794434
2251.3847809999997, 27, 225, 1.004490852355957
2255.9293839999996, 27, 250, 1.2062618732452393
2260.534437, 27, 275, 1.013923168182373
2264.958612, 27, 300, 1.2159783840179443
2269.6600289999997, 27, 325, 1.281766414642334
2273.9457209999996, 27, 350, 0.994135320186615
2278.2149449999997, 27, 375, 1.139825463294983
2293.2289659999997, 28, 0, 1.2469029426574707
2297.8783329999997, 28, 25, 1.410040259361267
2302.6784989999996, 28, 50, 1.1788272857666016
2307.170858, 28, 75, 1.3093574047088623
2311.6694669999997, 28, 100, 1.152536392211914
2316.0941519999997, 28, 125, 1.2267436981201172
2320.375221, 28, 150, 1.1509541273117065
2325.1103239999998, 28, 175, 1.1176296472549438
2329.8129609999996, 28, 200, 1.097262978553772
2334.353303, 28, 225, 0.9523359537124634
2338.8662029999996, 28, 250, 1.1577316522598267
2343.233033, 28, 275, 1.0182042121887207
2348.0377719999997, 28, 300, 1.1410279273986816
2352.665239, 28, 325, 1.282602071762085
2357.1543039999997, 28, 350, 0.9815633296966553
2361.024674, 28, 375, 1.173880696296692
2376.650799, 29, 0, 1.2165412902832031
2381.29061, 29, 25, 1.3941316604614258
2385.7985729999996, 29, 50, 1.0867233276367188
2390.0526409999998, 29, 75, 1.3431559801101685
2394.209383, 29, 100, 1.1308302879333496
2398.9353589999996, 29, 125, 1.17814040184021
2403.200176, 29, 150, 1.0705369710922241
2407.7264059999998, 29, 175, 1.0818684101104736
2412.2004309999998, 29, 200, 1.1255452632904053
2416.637872, 29, 225, 0.9803819060325623
2421.0450339999998, 29, 250, 1.250303030014038
2425.430998, 29, 275, 0.9200289249420166
2429.7007289999997, 29, 300, 1.1265637874603271
2434.270134, 29, 325, 1.2406266927719116
2438.663654, 29, 350, 1.0063382387161255
2443.436433, 29, 375, 1.067285180091858
