time, epoch, batch_idx, loss
0.1610939999999994, 0, 0, 6.9021477699279785
5.033980999999999, 0, 25, 4.07423210144043
9.604984, 0, 50, 2.4429244995117188
13.864365, 0, 75, 2.401421070098877
18.656617999999998, 0, 100, 2.3382761478424072
23.190116, 0, 125, 2.431148052215576
28.40054, 0, 150, 2.408017635345459
32.918766, 0, 175, 2.3508667945861816
37.360276999999996, 0, 200, 2.3194949626922607
41.717528, 0, 225, 2.365077018737793
45.682149, 0, 250, 2.3039472103118896
50.140449, 0, 275, 2.341344118118286
54.504155, 0, 300, 2.385511636734009
58.597672, 0, 325, 2.3737480640411377
63.012723, 0, 350, 2.352020740509033
66.90660700000001, 0, 375, 2.284425735473633
80.25141199999999, 1, 0, 2.302581310272217
84.399866, 1, 25, 2.334441900253296
89.00258099999999, 1, 50, 2.240818500518799
93.145028, 1, 75, 2.2635605335235596
98.080153, 1, 100, 2.186950445175171
102.809788, 1, 125, 2.1588525772094727
107.250234, 1, 150, 2.109543800354004
111.44640899999999, 1, 175, 2.114483594894409
116.42146299999999, 1, 200, 2.101423740386963
120.89967200000001, 1, 225, 2.02154541015625
125.70629299999999, 1, 250, 2.0312271118164062
129.803573, 1, 275, 2.0813241004943848
134.163149, 1, 300, 2.037621021270752
138.953433, 1, 325, 2.031489133834839
143.406131, 1, 350, 2.0898542404174805
148.509826, 1, 375, 2.2179160118103027
160.916822, 2, 0, 2.029820442199707
165.909023, 2, 25, 2.1584625244140625
170.61994199999998, 2, 50, 1.9044697284698486
175.051477, 2, 75, 2.1264944076538086
180.159222, 2, 100, 1.9693949222564697
184.97753699999998, 2, 125, 2.02280855178833
189.86907399999998, 2, 150, 1.8784549236297607
194.860393, 2, 175, 1.9993476867675781
199.28993599999998, 2, 200, 1.7873896360397339
203.959477, 2, 225, 1.8363213539123535
208.46302, 2, 250, 1.8889559507369995
213.102703, 2, 275, 1.8161864280700684
218.312909, 2, 300, 1.8837947845458984
223.34225999999998, 2, 325, 1.902071237564087
227.75776399999998, 2, 350, 1.957889199256897
231.802381, 2, 375, 1.9364262819290161
246.622513, 3, 0, 1.9127233028411865
251.56324199999997, 3, 25, 2.0310006141662598
256.17476300000004, 3, 50, 1.7386753559112549
260.49539300000004, 3, 75, 2.026224136352539
264.86329600000005, 3, 100, 1.92280912399292
269.54910800000005, 3, 125, 1.9015076160430908
273.93161200000003, 3, 150, 1.9406757354736328
278.72623100000004, 3, 175, 1.9732129573822021
283.272692, 3, 200, 1.6606980562210083
288.086815, 3, 225, 1.7100529670715332
293.462368, 3, 250, 1.7629272937774658
297.963861, 3, 275, 1.7713518142700195
302.912083, 3, 300, 1.803952932357788
308.35323500000004, 3, 325, 1.7786439657211304
312.483314, 3, 350, 1.8738090991973877
316.72212, 3, 375, 1.7673925161361694
329.53549300000003, 4, 0, 1.8422696590423584
334.884203, 4, 25, 1.8960620164871216
339.816623, 4, 50, 1.6049511432647705
344.196775, 4, 75, 1.9496034383773804
348.924595, 4, 100, 1.792975664138794
353.78945000000004, 4, 125, 1.8773300647735596
358.645963, 4, 150, 1.7581766843795776
363.01181, 4, 175, 1.839935541152954
367.753827, 4, 200, 1.615677833557129
372.543918, 4, 225, 1.516918659210205
377.519826, 4, 250, 1.7085955142974854
382.158749, 4, 275, 1.6545130014419556
386.572743, 4, 300, 1.688407301902771
391.67481300000003, 4, 325, 1.65108323097229
395.90436400000004, 4, 350, 1.6688289642333984
401.00869400000005, 4, 375, 1.692641019821167
415.075175, 5, 0, 1.8305323123931885
420.404304, 5, 25, 1.835298776626587
424.928717, 5, 50, 1.5859367847442627
429.523189, 5, 75, 1.8559684753417969
434.42586300000005, 5, 100, 1.7303693294525146
439.369551, 5, 125, 1.7720844745635986
444.08274400000005, 5, 150, 1.6906260251998901
449.230032, 5, 175, 1.7945632934570312
454.25869, 5, 200, 1.5911540985107422
459.296009, 5, 225, 1.448265790939331
464.104107, 5, 250, 1.640685796737671
468.34927200000004, 5, 275, 1.5706061124801636
473.38223200000004, 5, 300, 1.5574746131896973
478.001258, 5, 325, 1.5905475616455078
483.19705100000004, 5, 350, 1.6512835025787354
487.235698, 5, 375, 1.6025898456573486
501.270441, 6, 0, 1.718727469444275
505.954608, 6, 25, 1.799846887588501
510.97223900000006, 6, 50, 1.517627239227295
515.6134950000001, 6, 75, 1.7452327013015747
520.523066, 6, 100, 1.656718373298645
525.386341, 6, 125, 1.7025103569030762
530.050477, 6, 150, 1.6582645177841187
534.57941, 6, 175, 1.7728421688079834
539.181042, 6, 200, 1.523159384727478
543.880044, 6, 225, 1.4281325340270996
548.242383, 6, 250, 1.5839405059814453
553.324279, 6, 275, 1.4824808835983276
557.9992500000001, 6, 300, 1.5152612924575806
562.05997, 6, 325, 1.5581200122833252
566.054527, 6, 350, 1.6054617166519165
570.528051, 6, 375, 1.6141952276229858
584.807705, 7, 0, 1.6783385276794434
589.824021, 7, 25, 1.7673251628875732
594.11379, 7, 50, 1.5348401069641113
598.9724150000001, 7, 75, 1.747391939163208
603.664673, 7, 100, 1.5451518297195435
609.118359, 7, 125, 1.661264181137085
614.3052270000001, 7, 150, 1.6345309019088745
619.628918, 7, 175, 1.6796457767486572
624.072824, 7, 200, 1.4994902610778809
629.51746, 7, 225, 1.4569101333618164
634.209724, 7, 250, 1.52115797996521
638.6016040000001, 7, 275, 1.5205113887786865
643.1864360000001, 7, 300, 1.458172082901001
647.966543, 7, 325, 1.5141468048095703
653.195919, 7, 350, 1.6016350984573364
657.924708, 7, 375, 1.578282356262207
673.211936, 8, 0, 1.5917837619781494
678.305381, 8, 25, 1.6678663492202759
682.985826, 8, 50, 1.4242289066314697
687.388992, 8, 75, 1.7406896352767944
691.940486, 8, 100, 1.5758146047592163
697.1704550000001, 8, 125, 1.6431483030319214
702.456223, 8, 150, 1.6844613552093506
707.4117650000001, 8, 175, 1.550747036933899
711.436274, 8, 200, 1.4233757257461548
717.01181, 8, 225, 1.4395790100097656
721.785102, 8, 250, 1.4984347820281982
726.773783, 8, 275, 1.4085454940795898
731.69101, 8, 300, 1.416123390197754
736.417745, 8, 325, 1.5748928785324097
741.373865, 8, 350, 1.5042650699615479
745.567102, 8, 375, 1.4366248846054077
758.480846, 9, 0, 1.4969208240509033
763.326842, 9, 25, 1.7192233800888062
767.990458, 9, 50, 1.4858355522155762
772.7248450000001, 9, 75, 1.7137985229492188
776.960089, 9, 100, 1.5272691249847412
781.952936, 9, 125, 1.52736496925354
786.3493080000001, 9, 150, 1.62639319896698
790.95084, 9, 175, 1.4792053699493408
795.554709, 9, 200, 1.3515334129333496
800.33853, 9, 225, 1.3946237564086914
804.634906, 9, 250, 1.4953447580337524
808.968755, 9, 275, 1.3006298542022705
813.8152660000001, 9, 300, 1.409165859222412
818.685058, 9, 325, 1.564300775527954
822.933612, 9, 350, 1.5079667568206787
827.5229380000001, 9, 375, 1.443561315536499
841.772374, 10, 0, 1.4491870403289795
846.746337, 10, 25, 1.6609505414962769
851.253698, 10, 50, 1.387113332748413
855.6796850000001, 10, 75, 1.6866378784179688
860.8291820000001, 10, 100, 1.4214767217636108
865.776074, 10, 125, 1.4456558227539062
870.744429, 10, 150, 1.5900959968566895
875.358921, 10, 175, 1.4190256595611572
880.3718660000001, 10, 200, 1.3348722457885742
885.38797, 10, 225, 1.35080087184906
889.8371980000001, 10, 250, 1.4696505069732666
894.633451, 10, 275, 1.2557045221328735
898.9753000000001, 10, 300, 1.3680307865142822
904.3603390000001, 10, 325, 1.5524094104766846
909.397592, 10, 350, 1.4252948760986328
914.8578600000001, 10, 375, 1.4917140007019043
929.2185860000001, 11, 0, 1.4088902473449707
934.354537, 11, 25, 1.649145483970642
939.406412, 11, 50, 1.3556482791900635
943.682221, 11, 75, 1.6246824264526367
948.0310400000001, 11, 100, 1.3825104236602783
952.406414, 11, 125, 1.4419682025909424
957.590783, 11, 150, 1.5770436525344849
962.153427, 11, 175, 1.3891823291778564
966.855695, 11, 200, 1.2866511344909668
971.84624, 11, 225, 1.3186464309692383
976.225154, 11, 250, 1.3597733974456787
980.6915670000001, 11, 275, 1.2511851787567139
985.8417420000001, 11, 300, 1.3100895881652832
991.29007, 11, 325, 1.5809606313705444
995.7739710000001, 11, 350, 1.347059726715088
1000.775208, 11, 375, 1.4387118816375732
1014.141625, 12, 0, 1.4215338230133057
1018.954473, 12, 25, 1.6324565410614014
1023.7440009999999, 12, 50, 1.3038625717163086
1028.4367399999999, 12, 75, 1.566356897354126
1033.2941389999999, 12, 100, 1.4194433689117432
1037.853962, 12, 125, 1.42729651927948
1042.0723739999999, 12, 150, 1.5913889408111572
1046.8487499999999, 12, 175, 1.4275023937225342
1051.537991, 12, 200, 1.2992043495178223
1056.659267, 12, 225, 1.2386436462402344
1061.5117409999998, 12, 250, 1.384378433227539
1066.7043319999998, 12, 275, 1.2005548477172852
1071.331258, 12, 300, 1.3915116786956787
1076.674886, 12, 325, 1.4629826545715332
1081.109219, 12, 350, 1.3824434280395508
1085.751304, 12, 375, 1.3909553289413452
1098.9233219999999, 13, 0, 1.4099233150482178
1104.126309, 13, 25, 1.6096924543380737
1109.2082209999999, 13, 50, 1.2300746440887451
1114.079924, 13, 75, 1.6001334190368652
1118.795357, 13, 100, 1.3773072957992554
1123.725321, 13, 125, 1.3652700185775757
1127.826155, 13, 150, 1.4865267276763916
1132.794254, 13, 175, 1.3871761560440063
1137.48247, 13, 200, 1.2280250787734985
1141.529853, 13, 225, 1.2317674160003662
1146.185953, 13, 250, 1.4036691188812256
1150.86054, 13, 275, 1.2698180675506592
1155.2754479999999, 13, 300, 1.3732688426971436
1160.2470919999998, 13, 325, 1.4040170907974243
1164.60151, 13, 350, 1.363105058670044
1169.002, 13, 375, 1.3403708934783936
1181.110494, 14, 0, 1.4413210153579712
1186.3721659999999, 14, 25, 1.615051031112671
1190.6682979999998, 14, 50, 1.1954165697097778
1195.0327269999998, 14, 75, 1.5042027235031128
1199.222797, 14, 100, 1.3784184455871582
1203.66681, 14, 125, 1.4295105934143066
1208.505496, 14, 150, 1.5796970129013062
1213.495768, 14, 175, 1.3097292184829712
1218.158956, 14, 200, 1.2355167865753174
1224.071592, 14, 225, 1.1978833675384521
1228.39438, 14, 250, 1.3609063625335693
1233.070399, 14, 275, 1.15019690990448
1237.955583, 14, 300, 1.2997874021530151
1242.7596429999999, 14, 325, 1.4130866527557373
1247.3324969999999, 14, 350, 1.3049883842468262
1251.656004, 14, 375, 1.3810189962387085
1265.75091, 15, 0, 1.4481583833694458
1271.229169, 15, 25, 1.5526225566864014
1275.6636349999999, 15, 50, 1.208287000656128
1279.8855469999999, 15, 75, 1.470199704170227
1284.420101, 15, 100, 1.3185369968414307
1289.158618, 15, 125, 1.3269542455673218
1293.7573289999998, 15, 150, 1.5784705877304077
1298.580107, 15, 175, 1.3360193967819214
1302.8311589999998, 15, 200, 1.1659016609191895
1307.976737, 15, 225, 1.1943349838256836
1313.0671639999998, 15, 250, 1.3872742652893066
1317.9588469999999, 15, 275, 1.1924875974655151
1322.763189, 15, 300, 1.2905317544937134
1327.5180739999998, 15, 325, 1.2586787939071655
1332.066056, 15, 350, 1.3432528972625732
1336.5679659999998, 15, 375, 1.2930511236190796
1348.803923, 16, 0, 1.3953484296798706
1353.5403529999999, 16, 25, 1.502860426902771
1357.680672, 16, 50, 1.2121293544769287
1362.539176, 16, 75, 1.5096129179000854
1366.9675069999998, 16, 100, 1.3446574211120605
1371.9212269999998, 16, 125, 1.305129051208496
1376.9050249999998, 16, 150, 1.5090278387069702
1381.628377, 16, 175, 1.2884284257888794
1386.651163, 16, 200, 1.1349432468414307
1391.743203, 16, 225, 1.1667671203613281
1396.3343659999998, 16, 250, 1.3834638595581055
1400.9413089999998, 16, 275, 1.1992831230163574
1405.588385, 16, 300, 1.2690682411193848
1410.449745, 16, 325, 1.3205785751342773
1415.0047849999999, 16, 350, 1.3070671558380127
1419.668671, 16, 375, 1.2898918390274048
1432.38961, 17, 0, 1.395078420639038
1437.3101399999998, 17, 25, 1.4855647087097168
1442.109411, 17, 50, 1.1753075122833252
1446.6865169999999, 17, 75, 1.5518913269042969
1451.588495, 17, 100, 1.2611855268478394
1456.712765, 17, 125, 1.3049319982528687
1460.987784, 17, 150, 1.4564757347106934
1465.743845, 17, 175, 1.3020684719085693
1470.42291, 17, 200, 1.1109356880187988
1475.232145, 17, 225, 1.1736748218536377
1480.0780229999998, 17, 250, 1.334726095199585
1484.514964, 17, 275, 1.100250482559204
1488.663411, 17, 300, 1.2814478874206543
1493.1887299999999, 17, 325, 1.2316445112228394
1497.9849179999999, 17, 350, 1.218750238418579
1502.2521909999998, 17, 375, 1.2953181266784668
1515.54489, 18, 0, 1.3381688594818115
1520.396137, 18, 25, 1.4247820377349854
1525.172275, 18, 50, 1.2036049365997314
1530.273093, 18, 75, 1.488364815711975
1535.1229919999998, 18, 100, 1.2144193649291992
1540.445313, 18, 125, 1.277275800704956
1545.3367859999998, 18, 150, 1.410313367843628
1550.161602, 18, 175, 1.2630910873413086
1555.0005919999999, 18, 200, 1.097651720046997
1560.331636, 18, 225, 1.1975111961364746
1565.317292, 18, 250, 1.3232755661010742
1569.712617, 18, 275, 1.1296643018722534
1574.164429, 18, 300, 1.3322887420654297
1579.476919, 18, 325, 1.2850497961044312
1584.4755499999999, 18, 350, 1.1884006261825562
1589.33998, 18, 375, 1.2695834636688232
1603.3045049999998, 19, 0, 1.2916492223739624
1608.6995519999998, 19, 25, 1.4205392599105835
1613.025852, 19, 50, 1.1082590818405151
1617.545081, 19, 75, 1.5275914669036865
1622.8940029999999, 19, 100, 1.2461085319519043
1627.4661899999999, 19, 125, 1.248203992843628
1632.125652, 19, 150, 1.3955692052841187
1636.837668, 19, 175, 1.223741054534912
1641.308221, 19, 200, 1.0790917873382568
1646.4955, 19, 225, 1.0802628993988037
1651.087883, 19, 250, 1.2852058410644531
1655.505526, 19, 275, 1.0907584428787231
1660.488502, 19, 300, 1.2590713500976562
1665.839485, 19, 325, 1.2576112747192383
1670.421531, 19, 350, 1.2240021228790283
1675.210235, 19, 375, 1.2523808479309082
1686.85775, 20, 0, 1.2947170734405518
1691.827077, 20, 25, 1.4559824466705322
1696.373824, 20, 50, 1.1144765615463257
1701.8203389999999, 20, 75, 1.4235507249832153
1706.8860829999999, 20, 100, 1.2579615116119385
1712.288486, 20, 125, 1.2558406591415405
1717.1010649999998, 20, 150, 1.327666163444519
1721.9087169999998, 20, 175, 1.2098673582077026
1726.5512999999999, 20, 200, 1.082757830619812
1731.676551, 20, 225, 1.1597336530685425
1736.729629, 20, 250, 1.2493280172348022
1741.261305, 20, 275, 1.0842247009277344
1746.1437159999998, 20, 300, 1.2707867622375488
1750.9421699999998, 20, 325, 1.2185819149017334
1755.974778, 20, 350, 1.2229117155075073
1761.136677, 20, 375, 1.270767092704773
1774.4226529999999, 21, 0, 1.289621353149414
1779.107149, 21, 25, 1.3893287181854248
1783.4952019999998, 21, 50, 1.1192333698272705
1788.433118, 21, 75, 1.3782097101211548
1793.2176499999998, 21, 100, 1.2101848125457764
1798.233309, 21, 125, 1.2978545427322388
1802.364998, 21, 150, 1.326690912246704
1806.9764169999999, 21, 175, 1.2159671783447266
1811.281929, 21, 200, 1.0624191761016846
1815.986469, 21, 225, 1.104771375656128
1820.467146, 21, 250, 1.2502410411834717
1825.644114, 21, 275, 1.051815152168274
1830.428635, 21, 300, 1.1382274627685547
1835.886305, 21, 325, 1.246598243713379
1840.8486919999998, 21, 350, 1.193642258644104
1845.28233, 21, 375, 1.2105756998062134
1857.6432149999998, 22, 0, 1.2598801851272583
1862.8128239999999, 22, 25, 1.4127259254455566
1867.1641169999998, 22, 50, 1.110638976097107
1871.895192, 22, 75, 1.355809211730957
1876.547316, 22, 100, 1.1544162034988403
1881.520122, 22, 125, 1.2454397678375244
1886.600948, 22, 150, 1.2694116830825806
1891.285817, 22, 175, 1.259655237197876
1896.140111, 22, 200, 1.013779640197754
1901.040112, 22, 225, 1.0489789247512817
1906.5069489999998, 22, 250, 1.2989881038665771
1911.1665449999998, 22, 275, 1.0660769939422607
1916.422049, 22, 300, 1.1257766485214233
1921.025909, 22, 325, 1.2369331121444702
1925.8002829999998, 22, 350, 1.1541508436203003
1929.8299619999998, 22, 375, 1.2432022094726562
1943.395812, 23, 0, 1.269822120666504
1948.7083329999998, 23, 25, 1.4084423780441284
1953.2408659999999, 23, 50, 1.0985760688781738
1957.688874, 23, 75, 1.2628450393676758
1962.87635, 23, 100, 1.210307002067566
1967.547517, 23, 125, 1.253725290298462
1971.948314, 23, 150, 1.2778798341751099
1977.241701, 23, 175, 1.2578444480895996
1982.050129, 23, 200, 0.986412763595581
1986.928854, 23, 225, 1.0685172080993652
1992.081954, 23, 250, 1.2088286876678467
1996.694319, 23, 275, 1.0645402669906616
2001.288364, 23, 300, 1.075980305671692
2006.0701219999999, 23, 325, 1.2774184942245483
2010.8695189999999, 23, 350, 1.1284903287887573
2015.952942, 23, 375, 1.2600407600402832
2030.2008529999998, 24, 0, 1.2905645370483398
2035.2573309999998, 24, 25, 1.3615360260009766
2039.661871, 24, 50, 1.0398755073547363
2044.9630649999997, 24, 75, 1.2466028928756714
2049.3291400000003, 24, 100, 1.172360897064209
2054.15902, 24, 125, 1.251220464706421
2058.9228350000003, 24, 150, 1.259507179260254
2062.9069250000002, 24, 175, 1.2252187728881836
2067.454254, 24, 200, 1.0366954803466797
2072.529454, 24, 225, 1.0683602094650269
2077.207612, 24, 250, 1.1884608268737793
2081.97224, 24, 275, 1.0178717374801636
2086.581221, 24, 300, 1.1347965002059937
2091.338142, 24, 325, 1.2251988649368286
2095.6287820000002, 24, 350, 1.1390447616577148
2100.1118490000003, 24, 375, 1.2761726379394531
2113.556582, 25, 0, 1.3054382801055908
2118.364059, 25, 25, 1.3327609300613403
2123.2213180000003, 25, 50, 1.0323151350021362
2127.875468, 25, 75, 1.2185347080230713
2132.530361, 25, 100, 1.147855281829834
2137.925181, 25, 125, 1.3053380250930786
2143.13555, 25, 150, 1.228609323501587
2147.466305, 25, 175, 1.21353018283844
2152.2299350000003, 25, 200, 1.0557126998901367
2156.9179360000003, 25, 225, 1.1298398971557617
2161.194233, 25, 250, 1.1586921215057373
2166.079592, 25, 275, 1.0347349643707275
2170.9295150000003, 25, 300, 1.0643935203552246
2175.331262, 25, 325, 1.2624540328979492
2180.00104, 25, 350, 1.1073718070983887
2184.4389220000003, 25, 375, 1.2789807319641113
2199.624886, 26, 0, 1.2882510423660278
2204.592989, 26, 25, 1.2913129329681396
2209.374656, 26, 50, 1.0458487272262573
2214.1565, 26, 75, 1.1615064144134521
2218.524442, 26, 100, 1.1600755453109741
2223.677884, 26, 125, 1.1768786907196045
2228.6281590000003, 26, 150, 1.1890614032745361
2233.2322120000003, 26, 175, 1.2488410472869873
2237.3080480000003, 26, 200, 0.991668701171875
2242.8750910000003, 26, 225, 1.0983880758285522
2247.211486, 26, 250, 1.0998493432998657
2252.1892780000003, 26, 275, 1.040191650390625
2256.641529, 26, 300, 1.072319507598877
2261.6683780000003, 26, 325, 1.235484004020691
2266.829291, 26, 350, 1.0635169744491577
2271.617947, 26, 375, 1.239201545715332
2285.116239, 27, 0, 1.2111949920654297
2289.781194, 27, 25, 1.2586214542388916
2294.251278, 27, 50, 1.0295567512512207
2299.0225170000003, 27, 75, 1.1659809350967407
2303.9609330000003, 27, 100, 1.1236225366592407
2309.236907, 27, 125, 1.1915771961212158
2314.1497170000002, 27, 150, 1.1682891845703125
2318.743023, 27, 175, 1.246394395828247
2323.735713, 27, 200, 1.015568494796753
2328.6480460000002, 27, 225, 1.0847231149673462
2332.7394910000003, 27, 250, 1.0922805070877075
2337.342457, 27, 275, 1.0400750637054443
2341.935115, 27, 300, 1.063952922821045
2347.002503, 27, 325, 1.1588283777236938
2351.6447980000003, 27, 350, 1.077913522720337
2356.763346, 27, 375, 1.1650605201721191
2371.137773, 28, 0, 1.1798574924468994
2375.6775270000003, 28, 25, 1.2188715934753418
2379.88202, 28, 50, 0.9998034238815308
2384.425256, 28, 75, 1.0892493724822998
2389.2567040000004, 28, 100, 1.1334755420684814
2394.162248, 28, 125, 1.1582834720611572
2398.5747420000002, 28, 150, 1.223154067993164
2404.035558, 28, 175, 1.24493408203125
2408.362991, 28, 200, 1.05837082862854
2413.148209, 28, 225, 1.0716519355773926
2417.766539, 28, 250, 1.0970271825790405
2422.889684, 28, 275, 1.045091986656189
2427.4340580000003, 28, 300, 0.9746453166007996
2432.6886790000003, 28, 325, 1.1885921955108643
2437.159537, 28, 350, 1.053096055984497
2442.091635, 28, 375, 1.2208161354064941
2455.4449130000003, 29, 0, 1.156806230545044
2459.726807, 29, 25, 1.1901378631591797
2464.321661, 29, 50, 1.012161135673523
2468.987638, 29, 75, 1.1733896732330322
2473.320732, 29, 100, 1.1114282608032227
2478.136155, 29, 125, 1.1068551540374756
2483.2034590000003, 29, 150, 1.1701712608337402
2488.487627, 29, 175, 1.2300291061401367
2493.398397, 29, 200, 1.0140454769134521
2498.100859, 29, 225, 1.05712890625
2503.122907, 29, 250, 1.0794429779052734
2508.310329, 29, 275, 1.0322444438934326
2513.121027, 29, 300, 0.9330266118049622
2518.575827, 29, 325, 1.1436560153961182
2523.275046, 29, 350, 1.0553168058395386
2528.121462, 29, 375, 1.1819472312927246
