time, epoch, batch_idx, loss
0.15001500000000068, 0, 0, 6.910308361053467
4.321061000000001, 0, 25, 6.149320602416992
7.956437, 0, 50, 2.5339889526367188
11.577508000000002, 0, 75, 2.623959541320801
15.218274000000001, 0, 100, 2.3650169372558594
19.602578, 0, 125, 2.517512083053589
23.39937, 0, 150, 2.376046657562256
26.992514000000003, 0, 175, 2.5286481380462646
30.636218000000003, 0, 200, 2.3026692867279053
34.834821, 0, 225, 2.463207721710205
38.465042, 0, 250, 2.3149242401123047
42.013376, 0, 275, 2.498599052429199
45.697759, 0, 300, 2.344383716583252
49.80649, 0, 325, 2.3493781089782715
53.489931999999996, 0, 350, 2.2718100547790527
57.108025999999995, 0, 375, 2.2644283771514893
72.83748100000001, 1, 0, 2.223992109298706
77.07921400000001, 1, 25, 2.2681384086608887
80.82903, 1, 50, 2.1593542098999023
84.51930200000001, 1, 75, 2.3834028244018555
88.162256, 1, 100, 2.1493818759918213
92.317243, 1, 125, 2.2505149841308594
96.081063, 1, 150, 2.1155357360839844
99.867625, 1, 175, 2.268871307373047
103.602686, 1, 200, 2.0965218544006348
107.823165, 1, 225, 2.204927444458008
111.57337100000001, 1, 250, 2.0972352027893066
115.242456, 1, 275, 2.2360706329345703
118.954986, 1, 300, 2.1140120029449463
123.091746, 1, 325, 2.1475424766540527
126.793758, 1, 350, 2.129750967025757
130.554393, 1, 375, 2.0576725006103516
141.336905, 2, 0, 2.0366554260253906
145.611601, 2, 25, 2.198153018951416
149.491114, 2, 50, 2.0097413063049316
153.163412, 2, 75, 2.2320308685302734
156.888623, 2, 100, 2.016814708709717
161.142962, 2, 125, 2.1650609970092773
164.96927300000002, 2, 150, 1.9958827495574951
168.624514, 2, 175, 2.2804014682769775
172.47186, 2, 200, 1.9814836978912354
176.806322, 2, 225, 2.009070873260498
180.65999300000001, 2, 250, 2.002333641052246
184.496011, 2, 275, 2.0765771865844727
188.305686, 2, 300, 2.071554183959961
192.653973, 2, 325, 2.117229700088501
196.490287, 2, 350, 2.0770833492279053
200.309132, 2, 375, 1.999448299407959
212.519531, 3, 0, 1.956650972366333
216.860193, 3, 25, 2.1709070205688477
220.67943400000001, 3, 50, 1.9076324701309204
224.513721, 3, 75, 2.2179670333862305
228.305984, 3, 100, 1.9264848232269287
232.51582, 3, 125, 2.120696783065796
236.435021, 3, 150, 1.9072823524475098
240.35528200000002, 3, 175, 2.1918511390686035
244.197849, 3, 200, 1.8730131387710571
248.33629200000001, 3, 225, 1.9512131214141846
252.116355, 3, 250, 1.9086778163909912
255.96240799999998, 3, 275, 2.0213499069213867
259.795851, 3, 300, 2.0199134349823
264.152265, 3, 325, 2.0223891735076904
267.919238, 3, 350, 1.9579949378967285
271.65802, 3, 375, 1.9051446914672852
282.406626, 4, 0, 1.9263808727264404
286.679614, 4, 25, 2.1745615005493164
290.471051, 4, 50, 1.8494060039520264
294.292422, 4, 75, 2.200505256652832
298.164765, 4, 100, 1.9009512662887573
302.755217, 4, 125, 2.037734031677246
306.800718, 4, 150, 1.8720147609710693
310.582739, 4, 175, 2.1388258934020996
314.447219, 4, 200, 1.8292310237884521
318.826161, 4, 225, 1.9070488214492798
322.729146, 4, 250, 1.837075114250183
326.855562, 4, 275, 1.9479917287826538
330.741654, 4, 300, 1.9152905941009521
335.05449500000003, 4, 325, 1.9594038724899292
338.865957, 4, 350, 1.9163894653320312
342.684964, 4, 375, 1.9138559103012085
356.542171, 5, 0, 1.870330810546875
360.902694, 5, 25, 2.0697224140167236
364.688283, 5, 50, 1.8144943714141846
368.414873, 5, 75, 2.068896770477295
372.120709, 5, 100, 1.8587379455566406
376.405183, 5, 125, 1.9352056980133057
380.149916, 5, 150, 1.81364905834198
383.959785, 5, 175, 2.078517436981201
387.768561, 5, 200, 1.7790311574935913
392.095482, 5, 225, 1.8087083101272583
395.960645, 5, 250, 1.7832826375961304
399.743184, 5, 275, 1.916120171546936
403.610677, 5, 300, 1.864607572555542
407.944699, 5, 325, 1.885813593864441
411.76099800000003, 5, 350, 1.828324317932129
415.530305, 5, 375, 1.8007434606552124
434.051832, 6, 0, 1.8285863399505615
438.467142, 6, 25, 2.1107771396636963
442.20926000000003, 6, 50, 1.775510311126709
445.934118, 6, 75, 2.024672508239746
449.683696, 6, 100, 1.7581698894500732
454.076502, 6, 125, 1.9020090103149414
457.87356, 6, 150, 1.7466763257980347
461.627662, 6, 175, 2.054171085357666
465.478493, 6, 200, 1.7096261978149414
469.853426, 6, 225, 1.698084831237793
473.681578, 6, 250, 1.7207350730895996
477.396618, 6, 275, 1.8386574983596802
481.26047900000003, 6, 300, 1.8007380962371826
485.507699, 6, 325, 1.8276243209838867
489.277614, 6, 350, 1.784124732017517
493.024436, 6, 375, 1.7958793640136719
511.31161599999996, 7, 0, 1.7251253128051758
515.631542, 7, 25, 2.0712103843688965
519.39967, 7, 50, 1.6931867599487305
523.10323, 7, 75, 2.0133814811706543
526.905549, 7, 100, 1.7243300676345825
531.098636, 7, 125, 1.9586430788040161
534.938734, 7, 150, 1.7128088474273682
538.724078, 7, 175, 2.042306900024414
542.561285, 7, 200, 1.6568763256072998
546.893946, 7, 225, 1.7306523323059082
550.702189, 7, 250, 1.6650140285491943
554.579751, 7, 275, 1.7596383094787598
558.406321, 7, 300, 1.780563235282898
562.731423, 7, 325, 1.7945690155029297
566.551153, 7, 350, 1.7541342973709106
570.339162, 7, 375, 1.769615650177002
589.019052, 8, 0, 1.6917568445205688
593.256083, 8, 25, 2.0388073921203613
597.089344, 8, 50, 1.6564884185791016
600.935748, 8, 75, 2.012600898742676
604.792722, 8, 100, 1.6273382902145386
609.1289840000001, 8, 125, 1.930434226989746
613.091558, 8, 150, 1.674108624458313
617.124443, 8, 175, 1.9841949939727783
620.944985, 8, 200, 1.5423367023468018
625.227442, 8, 225, 1.6577320098876953
629.111805, 8, 250, 1.625577449798584
633.085715, 8, 275, 1.7328152656555176
636.92747, 8, 300, 1.6891894340515137
641.208536, 8, 325, 1.7415921688079834
645.005149, 8, 350, 1.728778600692749
648.759437, 8, 375, 1.7805233001708984
662.838813, 9, 0, 1.6704295873641968
667.18978, 9, 25, 1.9374561309814453
671.015225, 9, 50, 1.5959428548812866
674.7530380000001, 9, 75, 1.9626541137695312
678.6528040000001, 9, 100, 1.619539499282837
682.979008, 9, 125, 1.8508141040802002
686.795674, 9, 150, 1.6443734169006348
690.611573, 9, 175, 1.99277925491333
694.3805160000001, 9, 200, 1.5727434158325195
698.758046, 9, 225, 1.6767467260360718
702.453767, 9, 250, 1.614340901374817
706.161774, 9, 275, 1.7502726316452026
709.870319, 9, 300, 1.6368062496185303
714.203676, 9, 325, 1.7005916833877563
717.98167, 9, 350, 1.654578447341919
721.675063, 9, 375, 1.7692362070083618
740.278498, 10, 0, 1.5880258083343506
744.530553, 10, 25, 1.910840630531311
748.365132, 10, 50, 1.5851120948791504
752.089614, 10, 75, 1.9129347801208496
755.819982, 10, 100, 1.5588043928146362
760.187873, 10, 125, 1.8227739334106445
763.96092, 10, 150, 1.639166235923767
767.743362, 10, 175, 1.9485259056091309
771.453154, 10, 200, 1.4860718250274658
775.755061, 10, 225, 1.6488988399505615
779.49501, 10, 250, 1.5392935276031494
783.265011, 10, 275, 1.6607459783554077
787.085767, 10, 300, 1.602677345275879
791.175801, 10, 325, 1.6399486064910889
794.930805, 10, 350, 1.6716594696044922
798.593492, 10, 375, 1.6998777389526367
817.444391, 11, 0, 1.6379987001419067
821.742024, 11, 25, 1.8704249858856201
825.529581, 11, 50, 1.5478391647338867
829.271032, 11, 75, 1.888273000717163
833.084456, 11, 100, 1.572291612625122
837.362586, 11, 125, 1.8464767932891846
841.248875, 11, 150, 1.589698076248169
844.974176, 11, 175, 1.9474080801010132
848.737657, 11, 200, 1.4608094692230225
852.755771, 11, 225, 1.554814338684082
856.552855, 11, 250, 1.5391091108322144
860.204925, 11, 275, 1.6499555110931396
863.99457, 11, 300, 1.6055221557617188
868.220057, 11, 325, 1.5962555408477783
872.081023, 11, 350, 1.646597146987915
875.942763, 11, 375, 1.6654213666915894
894.083447, 12, 0, 1.575221300125122
898.407708, 12, 25, 1.8362067937850952
902.181097, 12, 50, 1.5075719356536865
905.975136, 12, 75, 1.8610484600067139
909.777952, 12, 100, 1.5421404838562012
914.08076, 12, 125, 1.7954494953155518
917.880215, 12, 150, 1.5693951845169067
921.872986, 12, 175, 1.918532371520996
925.871493, 12, 200, 1.4508485794067383
930.221425, 12, 225, 1.6142048835754395
934.041309, 12, 250, 1.500500202178955
938.010182, 12, 275, 1.622349739074707
941.8405300000001, 12, 300, 1.5638504028320312
946.033552, 12, 325, 1.5607314109802246
949.803956, 12, 350, 1.6176884174346924
953.547892, 12, 375, 1.6936743259429932
971.991853, 13, 0, 1.5635006427764893
976.29678, 13, 25, 1.7791504859924316
980.172101, 13, 50, 1.4885358810424805
983.99554, 13, 75, 1.8932089805603027
987.733107, 13, 100, 1.500982642173767
992.137936, 13, 125, 1.729236125946045
996.004131, 13, 150, 1.5285025835037231
999.841544, 13, 175, 1.83424711227417
1003.608358, 13, 200, 1.4335857629776
1007.922541, 13, 225, 1.574584722518921
1011.8481850000001, 13, 250, 1.4961304664611816
1015.657692, 13, 275, 1.6156216859817505
1019.4712959999999, 13, 300, 1.487915277481079
1023.779035, 13, 325, 1.5994656085968018
1027.583424, 13, 350, 1.570608377456665
1031.372937, 13, 375, 1.655562162399292
1049.786431, 14, 0, 1.5573811531066895
1054.164593, 14, 25, 1.7403333187103271
1058.011399, 14, 50, 1.4860423803329468
1061.810343, 14, 75, 1.9071226119995117
1065.604388, 14, 100, 1.4794830083847046
1069.945705, 14, 125, 1.6894195079803467
1073.693132, 14, 150, 1.5023000240325928
1077.509856, 14, 175, 1.7741386890411377
1081.33267, 14, 200, 1.4033763408660889
1085.709341, 14, 225, 1.49729323387146
1089.465415, 14, 250, 1.4773725271224976
1093.126926, 14, 275, 1.5513348579406738
1096.904703, 14, 300, 1.546858310699463
1100.873657, 14, 325, 1.5718531608581543
1104.782646, 14, 350, 1.5981650352478027
1108.606557, 14, 375, 1.666998267173767
1127.379236, 15, 0, 1.575840711593628
1131.651278, 15, 25, 1.7501188516616821
1135.397474, 15, 50, 1.4197962284088135
1139.1529170000001, 15, 75, 1.8194787502288818
1143.091895, 15, 100, 1.4410960674285889
1147.524283, 15, 125, 1.727686882019043
1151.294804, 15, 150, 1.46504545211792
1155.09035, 15, 175, 1.7403111457824707
1158.951318, 15, 200, 1.4027951955795288
1163.279417, 15, 225, 1.5249323844909668
1167.066137, 15, 250, 1.4289058446884155
1170.816282, 15, 275, 1.5318719148635864
1174.645449, 15, 300, 1.5109169483184814
1178.96185, 15, 325, 1.5721943378448486
1182.78212, 15, 350, 1.5270026922225952
1186.573258, 15, 375, 1.6487265825271606
1205.020809, 16, 0, 1.5505759716033936
1209.27226, 16, 25, 1.6686358451843262
1212.960408, 16, 50, 1.4249199628829956
1216.702295, 16, 75, 1.85270094871521
1220.460837, 16, 100, 1.423693060874939
1224.914226, 16, 125, 1.655242681503296
1228.887085, 16, 150, 1.4904320240020752
1232.967214, 16, 175, 1.7012022733688354
1236.893381, 16, 200, 1.3621559143066406
1241.295801, 16, 225, 1.503994345664978
1245.428726, 16, 250, 1.401789903640747
1249.15433, 16, 275, 1.5177483558654785
1253.039429, 16, 300, 1.5109491348266602
1257.273664, 16, 325, 1.5980603694915771
1261.102964, 16, 350, 1.5005850791931152
1264.903601, 16, 375, 1.6839940547943115
1282.974493, 17, 0, 1.5346636772155762
1287.35949, 17, 25, 1.7146661281585693
1291.079062, 17, 50, 1.4304859638214111
1294.833766, 17, 75, 1.7849583625793457
1298.760989, 17, 100, 1.4081010818481445
1303.092906, 17, 125, 1.6052742004394531
1306.878889, 17, 150, 1.4738190174102783
1310.63854, 17, 175, 1.758904218673706
1314.564258, 17, 200, 1.3056482076644897
1318.892554, 17, 225, 1.4447873830795288
1322.8017, 17, 250, 1.3532567024230957
1326.593531, 17, 275, 1.4861048460006714
1330.484601, 17, 300, 1.4356563091278076
1334.900036, 17, 325, 1.490892767906189
1338.680116, 17, 350, 1.4492619037628174
1342.483681, 17, 375, 1.6119205951690674
1360.910351, 18, 0, 1.5216469764709473
1365.2820590000001, 18, 25, 1.6538677215576172
1369.067259, 18, 50, 1.4010759592056274
1372.859184, 18, 75, 1.762489676475525
1376.70662, 18, 100, 1.3633434772491455
1381.09554, 18, 125, 1.6405646800994873
1384.959575, 18, 150, 1.4634875059127808
1388.737324, 18, 175, 1.7080180644989014
1392.689218, 18, 200, 1.3251843452453613
1397.12336, 18, 225, 1.435325264930725
1400.923634, 18, 250, 1.327479362487793
1404.694845, 18, 275, 1.537675142288208
1408.47594, 18, 300, 1.3827917575836182
1412.575085, 18, 325, 1.499541997909546
1416.415917, 18, 350, 1.4241856336593628
1420.125742, 18, 375, 1.5785319805145264
1442.715991, 19, 25, 1.8049856424331665
1449.761621, 19, 75, 1.9923222064971924
1457.291815, 19, 125, 1.751528024673462
1464.277919, 19, 175, 2.0409975051879883
1471.836127, 19, 225, 1.4454233646392822
1478.7536010000001, 19, 275, 1.6752703189849854
1486.342045, 19, 325, 1.625471830368042
1493.475943, 19, 375, 1.7064071893692017
1514.34546, 20, 25, 1.886346697807312
1521.388718, 20, 75, 1.9394185543060303
1528.893877, 20, 125, 1.819704532623291
1535.999626, 20, 175, 1.7671363353729248
1543.965067, 20, 225, 1.7219767570495605
1551.784764, 20, 275, 1.418640375137329
1559.223962, 20, 325, 1.685389757156372
1566.319221, 20, 375, 1.7227660417556763
1589.012235, 21, 25, 1.7118334770202637
1595.963278, 21, 75, 1.938700556755066
1603.422557, 21, 125, 1.7305572032928467
1610.237195, 21, 175, 1.8057271242141724
1617.824462, 21, 225, 1.411381483078003
1624.797388, 21, 275, 1.6162954568862915
1632.375192, 21, 325, 1.4943339824676514
1639.275711, 21, 375, 1.6981866359710693
1661.241277, 22, 25, 1.6902766227722168
1668.177905, 22, 75, 1.8842098712921143
1675.595803, 22, 125, 1.7680253982543945
1682.700466, 22, 175, 1.6582756042480469
1690.164055, 22, 225, 1.5457305908203125
1697.104529, 22, 275, 1.358341932296753
1704.678263, 22, 325, 1.634976863861084
1711.65773, 22, 375, 1.5937561988830566
1734.105688, 23, 25, 1.679495930671692
1741.088388, 23, 75, 1.7964324951171875
1748.671561, 23, 125, 1.5921571254730225
1755.661785, 23, 175, 1.7735822200775146
1763.199726, 23, 225, 1.3706920146942139
1770.146846, 23, 275, 1.4113240242004395
1777.755424, 23, 325, 1.4707163572311401
1784.788334, 23, 375, 1.5716496706008911
1807.216387, 24, 25, 1.633570909500122
1814.238952, 24, 75, 1.7785861492156982
1821.702232, 24, 125, 1.6130781173706055
1828.630616, 24, 175, 1.5565814971923828
1835.982019, 24, 225, 1.4812440872192383
1842.908563, 24, 275, 1.3049887418746948
1850.573338, 24, 325, 1.5538110733032227
1858.988348, 24, 375, 1.575152039527893
1881.262745, 25, 25, 1.661994218826294
1888.324651, 25, 75, 1.792306900024414
1895.91657, 25, 125, 1.5833383798599243
1902.768651, 25, 175, 1.7182981967926025
1910.493787, 25, 225, 1.350938081741333
1917.387903, 25, 275, 1.4774868488311768
1924.936592, 25, 325, 1.525625467300415
1931.8519900000001, 25, 375, 1.5887672901153564
1953.941087, 26, 25, 1.6692696809768677
1960.786754, 26, 75, 1.7305612564086914
1968.14319, 26, 125, 1.6361758708953857
1975.161715, 26, 175, 1.5631482601165771
1982.658568, 26, 225, 1.499570369720459
1989.591175, 26, 275, 1.2519375085830688
1997.097364, 26, 325, 1.4849238395690918
2004.10022, 26, 375, 1.5162019729614258
2026.016404, 27, 25, 1.5894677639007568
2032.976026, 27, 75, 1.7504591941833496
2040.534522, 27, 125, 1.453658938407898
2047.349376, 27, 175, 1.654778003692627
2054.775729, 27, 225, 1.3468995094299316
2061.747351, 27, 275, 1.295467495918274
2069.2789319999997, 27, 325, 1.4533319473266602
2076.2082219999998, 27, 375, 1.5601050853729248
2098.2884959999997, 28, 25, 1.6009368896484375
2105.358878, 28, 75, 1.654325246810913
2112.89405, 28, 125, 1.5189164876937866
2119.869295, 28, 175, 1.4826418161392212
2127.2363189999996, 28, 225, 1.4962114095687866
2134.1226949999996, 28, 275, 1.1881532669067383
2141.5192239999997, 28, 325, 1.5606863498687744
2148.5514989999997, 28, 375, 1.4561810493469238
2172.385402, 29, 25, 1.9581389427185059
2186.079331, 29, 125, 1.6729711294174194
2199.650835, 29, 225, 1.7620158195495605
2213.6057349999996, 29, 325, 1.7002744674682617
