time, epoch, batch_idx, loss
0.23840199999999978, 0, 0, 6.9085588455200195
4.9046520000000005, 0, 25, 4.305210113525391
9.03552, 0, 50, 2.4378082752227783
13.191637000000002, 0, 75, 2.430717945098877
17.332245999999998, 0, 100, 2.370192527770996
21.993166000000002, 0, 125, 2.441074848175049
26.195828, 0, 150, 2.4668853282928467
30.360629000000003, 0, 175, 2.322993278503418
34.506393, 0, 200, 2.322721242904663
39.033345000000004, 0, 225, 2.36199951171875
43.269912000000005, 0, 250, 2.3180365562438965
47.441641000000004, 0, 275, 2.3477063179016113
51.542192, 0, 300, 2.3341422080993652
56.190969, 0, 325, 2.311002492904663
60.36483700000001, 0, 350, 2.347945213317871
64.480895, 0, 375, 2.2376739978790283
78.691602, 1, 0, 2.2522268295288086
83.525343, 1, 25, 2.2644121646881104
87.867104, 1, 50, 2.142977714538574
92.186421, 1, 75, 2.231374740600586
96.492076, 1, 100, 2.152099609375
101.24175100000001, 1, 125, 2.14561128616333
105.587383, 1, 150, 2.1723580360412598
109.891464, 1, 175, 2.132676839828491
114.091975, 1, 200, 2.0306265354156494
118.80102000000001, 1, 225, 1.991558313369751
123.08628600000002, 1, 250, 1.9720368385314941
127.362826, 1, 275, 2.0551586151123047
131.562252, 1, 300, 2.074896812438965
136.208442, 1, 325, 2.0233349800109863
140.493393, 1, 350, 2.110970973968506
144.74112699999998, 1, 375, 1.9234936237335205
155.70682599999998, 2, 0, 1.959986925125122
160.500518, 2, 25, 2.091801404953003
164.822667, 2, 50, 1.9135459661483765
169.392688, 2, 75, 2.0876340866088867
173.98926699999998, 2, 100, 1.9783709049224854
178.753225, 2, 125, 2.002511739730835
182.973798, 2, 150, 1.8614461421966553
187.23688199999998, 2, 175, 1.9281761646270752
191.53961999999999, 2, 200, 1.7968330383300781
196.41613199999998, 2, 225, 1.7866907119750977
200.76726, 2, 250, 1.799095869064331
205.12837499999998, 2, 275, 1.8226326704025269
209.40515599999998, 2, 300, 1.9677850008010864
214.18573899999998, 2, 325, 1.9079785346984863
218.452476, 2, 350, 2.017735481262207
222.64776799999999, 2, 375, 1.936827540397644
241.379179, 3, 0, 1.8900117874145508
245.94010999999998, 3, 25, 1.9501585960388184
250.163877, 3, 50, 1.7739148139953613
254.438023, 3, 75, 1.9986202716827393
258.713323, 3, 100, 1.84675931930542
263.628937, 3, 125, 1.9127440452575684
268.027669, 3, 150, 1.741814136505127
272.33065, 3, 175, 1.8409453630447388
276.651747, 3, 200, 1.6230416297912598
281.57214899999997, 3, 225, 1.624131202697754
285.88791599999996, 3, 250, 1.6707632541656494
290.245177, 3, 275, 1.785233736038208
294.557167, 3, 300, 1.775049090385437
299.453956, 3, 325, 1.7469384670257568
303.773043, 3, 350, 1.8433923721313477
308.08707899999996, 3, 375, 1.8412106037139893
327.222348, 4, 0, 1.7390304803848267
332.083483, 4, 25, 1.795644760131836
336.45647199999996, 4, 50, 1.707456350326538
340.78145, 4, 75, 1.9683301448822021
345.162193, 4, 100, 1.7156364917755127
350.11028899999997, 4, 125, 1.864332914352417
354.499055, 4, 150, 1.7773624658584595
358.887247, 4, 175, 1.7989869117736816
363.299102, 4, 200, 1.5598002672195435
368.184252, 4, 225, 1.5416276454925537
372.542853, 4, 250, 1.6747993230819702
376.94887, 4, 275, 1.7049660682678223
381.183515, 4, 300, 1.7499126195907593
385.902087, 4, 325, 1.67095947265625
390.289897, 4, 350, 1.7481088638305664
394.599026, 4, 375, 1.721703052520752
413.985385, 5, 0, 1.6969228982925415
418.86560299999996, 5, 25, 1.8118324279785156
423.165567, 5, 50, 1.7029296159744263
427.548659, 5, 75, 1.9127781391143799
431.843128, 5, 100, 1.6395063400268555
436.809641, 5, 125, 1.8791019916534424
441.157553, 5, 150, 1.6631271839141846
445.55055999999996, 5, 175, 1.8536313772201538
449.92026699999997, 5, 200, 1.539977788925171
454.75505899999996, 5, 225, 1.5192862749099731
459.087405, 5, 250, 1.6337510347366333
463.409975, 5, 275, 1.611302375793457
467.78522499999997, 5, 300, 1.5918697118759155
472.534966, 5, 325, 1.6086550951004028
477.17371199999997, 5, 350, 1.6939074993133545
481.824232, 5, 375, 1.7203760147094727
500.715808, 6, 0, 1.6090548038482666
505.636322, 6, 25, 1.8006577491760254
509.92905799999994, 6, 50, 1.5798377990722656
514.276032, 6, 75, 1.9108846187591553
518.657052, 6, 100, 1.558814287185669
523.584685, 6, 125, 1.6848974227905273
527.993288, 6, 150, 1.6093345880508423
532.454819, 6, 175, 1.7659075260162354
536.827486, 6, 200, 1.4715349674224854
541.77134, 6, 225, 1.3756674528121948
546.148027, 6, 250, 1.5697277784347534
550.525678, 6, 275, 1.5812709331512451
554.927859, 6, 300, 1.5110738277435303
559.870333, 6, 325, 1.5133942365646362
564.251056, 6, 350, 1.6783883571624756
568.568879, 6, 375, 1.6764531135559082
587.484486, 7, 0, 1.6109223365783691
592.446108, 7, 25, 1.7099888324737549
596.791793, 7, 50, 1.5765278339385986
601.143888, 7, 75, 1.8811604976654053
605.535504, 7, 100, 1.4543430805206299
610.1917559999999, 7, 125, 1.6850545406341553
614.603777, 7, 150, 1.568710207939148
619.0156519999999, 7, 175, 1.6254361867904663
623.382254, 7, 200, 1.4311094284057617
628.3418839999999, 7, 225, 1.4062752723693848
632.68186, 7, 250, 1.4881327152252197
637.085287, 7, 275, 1.4980679750442505
641.395464, 7, 300, 1.450396180152893
646.378322, 7, 325, 1.443995714187622
650.758712, 7, 350, 1.5058165788650513
655.108155, 7, 375, 1.6829297542572021
673.75695, 8, 0, 1.5269660949707031
678.546479, 8, 25, 1.725492238998413
682.856733, 8, 50, 1.4536540508270264
687.143407, 8, 75, 1.8707003593444824
691.516806, 8, 100, 1.4412567615509033
696.383332, 8, 125, 1.538630723953247
700.7495319999999, 8, 150, 1.5424740314483643
705.21593, 8, 175, 1.6023402214050293
709.897173, 8, 200, 1.36729097366333
714.716017, 8, 225, 1.3179678916931152
719.082601, 8, 250, 1.484177827835083
723.447082, 8, 275, 1.4126269817352295
727.855307, 8, 300, 1.3912487030029297
732.684291, 8, 325, 1.431420087814331
737.0789159999999, 8, 350, 1.4797523021697998
741.41016, 8, 375, 1.70853590965271
760.423235, 9, 0, 1.5770347118377686
765.154152, 9, 25, 1.746938943862915
769.566521, 9, 50, 1.4511624574661255
773.916507, 9, 75, 1.7919716835021973
778.311632, 9, 100, 1.4795427322387695
783.234172, 9, 125, 1.5018614530563354
787.838986, 9, 150, 1.5784724950790405
792.349421, 9, 175, 1.5749331712722778
796.799538, 9, 200, 1.3690812587738037
801.742575, 9, 225, 1.302910566329956
806.16649, 9, 250, 1.3941826820373535
810.4517089999999, 9, 275, 1.365484356880188
814.783001, 9, 300, 1.363619327545166
819.619381, 9, 325, 1.444142460823059
823.936326, 9, 350, 1.452271819114685
828.303039, 9, 375, 1.6678848266601562
847.2568669999999, 10, 0, 1.4941084384918213
852.096983, 10, 25, 1.685878872871399
856.44471, 10, 50, 1.3773159980773926
860.8334179999999, 10, 75, 1.7878742218017578
865.132436, 10, 100, 1.3400708436965942
869.84078, 10, 125, 1.4432626962661743
874.11771, 10, 150, 1.5081291198730469
878.516577, 10, 175, 1.4727131128311157
882.875058, 10, 200, 1.3964486122131348
887.782383, 10, 225, 1.285567283630371
892.1685229999999, 10, 250, 1.2939318418502808
896.559163, 10, 275, 1.3596370220184326
900.929364, 10, 300, 1.333991527557373
905.626363, 10, 325, 1.4927016496658325
909.992047, 10, 350, 1.4045559167861938
914.323068, 10, 375, 1.5188888311386108
933.562691, 11, 0, 1.4610681533813477
938.545033, 11, 25, 1.6382534503936768
942.862627, 11, 50, 1.3708782196044922
947.255784, 11, 75, 1.7162524461746216
951.542819, 11, 100, 1.291224718093872
956.509872, 11, 125, 1.4130462408065796
960.891318, 11, 150, 1.4820667505264282
965.225737, 11, 175, 1.4186642169952393
969.546663, 11, 200, 1.3460099697113037
974.205392, 11, 225, 1.2390780448913574
978.601391, 11, 250, 1.3575085401535034
982.866412, 11, 275, 1.3354918956756592
987.193078, 11, 300, 1.3415544033050537
991.821513, 11, 325, 1.5298683643341064
996.250272, 11, 350, 1.3376554250717163
1000.668539, 11, 375, 1.5441644191741943
1019.218026, 12, 0, 1.4980679750442505
1024.108621, 12, 25, 1.5997135639190674
1028.536494, 12, 50, 1.320030927658081
1032.969259, 12, 75, 1.6353001594543457
1037.446433, 12, 100, 1.2969565391540527
1042.345309, 12, 125, 1.4096099138259888
1046.745391, 12, 150, 1.3731772899627686
1051.192503, 12, 175, 1.4136500358581543
1055.542019, 12, 200, 1.2372519969940186
1060.48245, 12, 225, 1.196754813194275
1064.837353, 12, 250, 1.2722376585006714
1069.28972, 12, 275, 1.296043872833252
1073.776572, 12, 300, 1.2741092443466187
1078.653238, 12, 325, 1.5278327465057373
1083.097072, 12, 350, 1.3082470893859863
1087.490789, 12, 375, 1.4088482856750488
1107.190304, 13, 0, 1.4157522916793823
1112.039765, 13, 25, 1.54119873046875
1116.396417, 13, 50, 1.2998855113983154
1120.764661, 13, 75, 1.6433709859848022
1125.150259, 13, 100, 1.3072712421417236
1129.882584, 13, 125, 1.3590061664581299
1134.226912, 13, 150, 1.4140706062316895
1138.540135, 13, 175, 1.4308372735977173
1142.860336, 13, 200, 1.254123568534851
1147.742546, 13, 225, 1.221443772315979
1152.08776, 13, 250, 1.297568440437317
1156.422379, 13, 275, 1.2868088483810425
1160.808223, 13, 300, 1.3279263973236084
1165.524473, 13, 325, 1.514795184135437
1169.876411, 13, 350, 1.3035229444503784
1174.232965, 13, 375, 1.4036767482757568
1193.23811, 14, 0, 1.3616411685943604
1197.873652, 14, 25, 1.5156559944152832
1202.268446, 14, 50, 1.280957579612732
1206.6804789999999, 14, 75, 1.591223955154419
1211.02409, 14, 100, 1.2752749919891357
1215.859313, 14, 125, 1.3884835243225098
1220.164592, 14, 150, 1.317262887954712
1224.4161119999999, 14, 175, 1.3193308115005493
1228.818323, 14, 200, 1.1926604509353638
1233.738746, 14, 225, 1.2387906312942505
1238.172752, 14, 250, 1.3095943927764893
1242.605565, 14, 275, 1.2547581195831299
1246.925763, 14, 300, 1.3186084032058716
1251.758921, 14, 325, 1.4251248836517334
1256.161221, 14, 350, 1.3013852834701538
1260.536935, 14, 375, 1.3366434574127197
1279.66842, 15, 0, 1.3943893909454346
1284.559419, 15, 25, 1.5748664140701294
1288.941912, 15, 50, 1.2598397731781006
1293.30764, 15, 75, 1.5633745193481445
1297.703019, 15, 100, 1.225136160850525
1302.536167, 15, 125, 1.3231000900268555
1306.916077, 15, 150, 1.3708895444869995
1311.359141, 15, 175, 1.2776336669921875
1315.826042, 15, 200, 1.1761248111724854
1321.051532, 15, 225, 1.2153209447860718
1325.4040009999999, 15, 250, 1.2587822675704956
1329.793881, 15, 275, 1.2519986629486084
1334.242296, 15, 300, 1.3316266536712646
1339.198008, 15, 325, 1.3530049324035645
1343.558306, 15, 350, 1.2762446403503418
1347.937825, 15, 375, 1.3218371868133545
1366.461378, 16, 0, 1.32802152633667
1371.317834, 16, 25, 1.535338282585144
1375.640973, 16, 50, 1.2305970191955566
1380.020605, 16, 75, 1.5822839736938477
1384.419417, 16, 100, 1.1975958347320557
1389.39977, 16, 125, 1.2350939512252808
1393.7137559999999, 16, 150, 1.33641517162323
1398.110756, 16, 175, 1.29180908203125
1402.531108, 16, 200, 1.1792837381362915
1407.601376, 16, 225, 1.169819951057434
1412.242391, 16, 250, 1.2097814083099365
1416.650092, 16, 275, 1.233534336090088
1421.084309, 16, 300, 1.3448086977005005
1425.965024, 16, 325, 1.3075306415557861
1430.444762, 16, 350, 1.2122628688812256
1434.795443, 16, 375, 1.3286980390548706
1454.081849, 17, 0, 1.3089289665222168
1458.887993, 17, 25, 1.496626853942871
1463.17834, 17, 50, 1.1990207433700562
1467.613746, 17, 75, 1.570504903793335
1471.997329, 17, 100, 1.152735948562622
1476.951932, 17, 125, 1.25027334690094
1481.35164, 17, 150, 1.3001701831817627
1485.742763, 17, 175, 1.2414524555206299
1490.09388, 17, 200, 1.1039259433746338
1495.0416069999999, 17, 225, 1.186868667602539
1499.445057, 17, 250, 1.2111129760742188
1503.766311, 17, 275, 1.2440416812896729
1508.13339, 17, 300, 1.3675023317337036
1512.977774, 17, 325, 1.292590618133545
1517.429747, 17, 350, 1.1879394054412842
1521.871208, 17, 375, 1.219875693321228
1539.583382, 18, 0, 1.2905499935150146
1544.5783999999999, 18, 25, 1.4940459728240967
1548.976466, 18, 50, 1.2237718105316162
1553.373733, 18, 75, 1.5739827156066895
1557.719652, 18, 100, 1.1222230195999146
1562.610469, 18, 125, 1.2315977811813354
1566.970449, 18, 150, 1.2880779504776
1571.470386, 18, 175, 1.2299129962921143
1575.945041, 18, 200, 1.1053428649902344
1580.883663, 18, 225, 1.092391014099121
1585.249783, 18, 250, 1.2319114208221436
1589.551474, 18, 275, 1.2361780405044556
1593.926376, 18, 300, 1.3130125999450684
1599.348108, 18, 325, 1.395052194595337
1603.7587389999999, 18, 350, 1.1670039892196655
1608.130347, 18, 375, 1.263588309288025
1627.469929, 19, 0, 1.2516965866088867
1632.332357, 19, 25, 1.484307885169983
1636.629205, 19, 50, 1.2248916625976562
1640.976581, 19, 75, 1.5590193271636963
1645.401733, 19, 100, 1.0677986145019531
1650.441787, 19, 125, 1.2890205383300781
1654.8905829999999, 19, 150, 1.2704472541809082
1659.297317, 19, 175, 1.2334635257720947
1663.728746, 19, 200, 1.1154779195785522
1668.723008, 19, 225, 1.121417760848999
1673.078415, 19, 250, 1.2535425424575806
1677.491069, 19, 275, 1.2145702838897705
1681.878489, 19, 300, 1.3071234226226807
1686.452114, 19, 325, 1.260027289390564
1690.819472, 19, 350, 1.1628972291946411
1695.227151, 19, 375, 1.2288720607757568
1713.988822, 20, 0, 1.251075267791748
1719.243372, 20, 25, 1.5250892639160156
1723.814406, 20, 50, 1.2043063640594482
1728.252062, 20, 75, 1.5198192596435547
1732.606535, 20, 100, 1.1064465045928955
1737.325691, 20, 125, 1.2319128513336182
1741.691095, 20, 150, 1.281179428100586
1746.091314, 20, 175, 1.2479078769683838
1750.540133, 20, 200, 1.0665802955627441
1755.290633, 20, 225, 1.206799030303955
1759.771772, 20, 250, 1.198251724243164
1764.04293, 20, 275, 1.1873559951782227
1768.452, 20, 300, 1.3017919063568115
1773.396516, 20, 325, 1.2921372652053833
1777.813294, 20, 350, 1.11515212059021
1782.223092, 20, 375, 1.1940319538116455
1801.164631, 21, 0, 1.2485980987548828
1806.100403, 21, 25, 1.5068162679672241
1810.481611, 21, 50, 1.21517014503479
1814.92243, 21, 75, 1.4337944984436035
1819.306529, 21, 100, 1.1165440082550049
1824.238382, 21, 125, 1.2278441190719604
1828.6322069999999, 21, 150, 1.2332866191864014
1832.982915, 21, 175, 1.1620893478393555
1837.355305, 21, 200, 1.0923749208450317
1842.281232, 21, 225, 1.148232340812683
1846.613647, 21, 250, 1.1911168098449707
1851.032424, 21, 275, 1.2748911380767822
1855.412997, 21, 300, 1.229178547859192
1860.313558, 21, 325, 1.3606631755828857
1864.647625, 21, 350, 1.1453825235366821
1869.065256, 21, 375, 1.237696647644043
1887.647509, 22, 0, 1.189072608947754
1892.560192, 22, 25, 1.4104682207107544
1896.961179, 22, 50, 1.1703060865402222
1901.298771, 22, 75, 1.4550981521606445
1905.693853, 22, 100, 1.0733914375305176
1910.571456, 22, 125, 1.3201911449432373
1915.004894, 22, 150, 1.2249789237976074
1919.425855, 22, 175, 1.1521258354187012
1923.761606, 22, 200, 1.0662126541137695
1928.734433, 22, 225, 1.1285597085952759
1933.257348, 22, 250, 1.134185791015625
1937.588861, 22, 275, 1.1060935258865356
1941.9279099999999, 22, 300, 1.1865612268447876
1946.9022889999999, 22, 325, 1.320601463317871
1951.315168, 22, 350, 1.1402111053466797
1955.728634, 22, 375, 1.180780291557312
1974.841711, 23, 0, 1.1433590650558472
1979.861948, 23, 25, 1.4314112663269043
1984.296616, 23, 50, 1.1142842769622803
1988.622785, 23, 75, 1.4149388074874878
1993.024648, 23, 100, 1.0258760452270508
1998.081292, 23, 125, 1.2643945217132568
2002.46955, 23, 150, 1.193702220916748
2006.896865, 23, 175, 1.232912302017212
2011.174977, 23, 200, 1.085585594177246
2015.983137, 23, 225, 1.1315690279006958
2020.37878, 23, 250, 1.2024807929992676
2025.087912, 23, 275, 1.146407127380371
2029.847756, 23, 300, 1.158720850944519
2034.841706, 23, 325, 1.2993255853652954
2039.197203, 23, 350, 1.1388256549835205
2043.567737, 23, 375, 1.1304800510406494
2062.8245930000003, 24, 0, 1.1644022464752197
2067.59697, 24, 25, 1.4016351699829102
2071.9272130000004, 24, 50, 1.1484370231628418
2076.3449920000003, 24, 75, 1.3552911281585693
2080.676569, 24, 100, 1.0180530548095703
2085.357386, 24, 125, 1.225247859954834
2089.7070870000002, 24, 150, 1.1206603050231934
2094.1086490000002, 24, 175, 1.1198387145996094
2098.511354, 24, 200, 1.027984857559204
2103.107351, 24, 225, 1.0931051969528198
2107.5082530000004, 24, 250, 1.1334153413772583
2111.8818290000004, 24, 275, 1.1331548690795898
2116.231694, 24, 300, 1.122560977935791
2121.092641, 24, 325, 1.2611002922058105
2125.48664, 24, 350, 1.123955488204956
2129.9328910000004, 24, 375, 1.1432656049728394
2148.308538, 25, 0, 1.1441060304641724
2153.2453330000003, 25, 25, 1.3627060651779175
2157.582386, 25, 50, 1.157387137413025
2161.8983310000003, 25, 75, 1.3799678087234497
2166.210034, 25, 100, 1.0320725440979004
2171.203104, 25, 125, 1.2764616012573242
2175.60624, 25, 150, 1.144181251525879
2179.9760730000003, 25, 175, 1.1468007564544678
2184.358074, 25, 200, 1.0901033878326416
2189.29352, 25, 225, 1.0720887184143066
2193.685723, 25, 250, 1.1338883638381958
2198.072118, 25, 275, 1.0737566947937012
2202.4514240000003, 25, 300, 1.1490482091903687
2207.4125750000003, 25, 325, 1.2351815700531006
2211.675215, 25, 350, 1.1444282531738281
2216.021439, 25, 375, 1.111283540725708
2235.147762, 26, 0, 1.1385412216186523
2240.0513960000003, 26, 25, 1.3786036968231201
2244.435261, 26, 50, 1.1591382026672363
2248.883996, 26, 75, 1.3179041147232056
2253.204913, 26, 100, 1.0639501810073853
2257.9565860000002, 26, 125, 1.293994426727295
2262.3331160000002, 26, 150, 1.166633129119873
2266.7472230000003, 26, 175, 1.0773117542266846
2271.167738, 26, 200, 1.0205403566360474
2276.174187, 26, 225, 1.0386691093444824
2280.578543, 26, 250, 1.1301164627075195
2285.035518, 26, 275, 1.0867176055908203
2289.461714, 26, 300, 1.1061949729919434
2294.3456290000004, 26, 325, 1.2152271270751953
2298.723382, 26, 350, 1.12752103805542
2303.111491, 26, 375, 1.1628844738006592
2322.175048, 27, 0, 1.158182978630066
2327.076004, 27, 25, 1.295169472694397
2331.544796, 27, 50, 1.1373766660690308
2336.257759, 27, 75, 1.2919384241104126
2340.865709, 27, 100, 1.0082080364227295
2345.667573, 27, 125, 1.3041815757751465
2350.060187, 27, 150, 1.1081268787384033
2354.404797, 27, 175, 1.0733435153961182
2358.8136120000004, 27, 200, 1.0200966596603394
2363.4760680000004, 27, 225, 1.0400490760803223
2367.836491, 27, 250, 1.0808560848236084
2372.253939, 27, 275, 1.0869920253753662
2376.5423880000003, 27, 300, 1.1041131019592285
2381.5261530000002, 27, 325, 1.2648060321807861
2385.964367, 27, 350, 1.0942151546478271
2390.376626, 27, 375, 1.1808114051818848
2409.2546150000003, 28, 0, 1.1454930305480957
2414.016153, 28, 25, 1.3455801010131836
2418.415301, 28, 50, 1.1239962577819824
2422.820071, 28, 75, 1.295759677886963
2427.256511, 28, 100, 0.9968719482421875
2432.251869, 28, 125, 1.2961732149124146
2436.5990250000004, 28, 150, 1.0989519357681274
2440.9719280000004, 28, 175, 1.0726079940795898
2445.3841060000004, 28, 200, 0.9720988273620605
2450.404082, 28, 225, 1.0674325227737427
2454.8363270000004, 28, 250, 1.1393077373504639
2459.262263, 28, 275, 1.049774408340454
2463.603171, 28, 300, 1.0623770952224731
2468.4787090000004, 28, 325, 1.2081269025802612
2472.8854600000004, 28, 350, 1.1135717630386353
2477.2885060000003, 28, 375, 1.162404179573059
2495.88112, 29, 0, 1.1331863403320312
2500.8835510000004, 29, 25, 1.2987854480743408
2505.347948, 29, 50, 1.1114280223846436
2509.7774520000003, 29, 75, 1.2668557167053223
2514.2065970000003, 29, 100, 1.0034544467926025
2519.269877, 29, 125, 1.3231476545333862
2523.7074770000004, 29, 150, 1.0647114515304565
2528.1075440000004, 29, 175, 1.0311740636825562
2532.380059, 29, 200, 0.972989022731781
2537.475261, 29, 225, 0.979947566986084
2542.044729, 29, 250, 1.1139241456985474
2546.3319640000004, 29, 275, 1.0996454954147339
2550.7256740000003, 29, 300, 1.0215914249420166
2555.619485, 29, 325, 1.2014347314834595
2560.0086020000003, 29, 350, 1.072933316230774
2564.3997310000004, 29, 375, 1.1871232986450195
