time, epoch, batch_idx, loss
0.30863899999999944, 0, 0, 6.909494400024414
4.966215, 0, 25, 3.7878401279449463
9.014719, 0, 50, 2.5386383533477783
13.25844, 0, 75, 2.3907101154327393
17.431217, 0, 100, 2.3953895568847656
22.1467, 0, 125, 2.452361822128296
26.304416999999997, 0, 150, 2.3850269317626953
30.489047000000003, 0, 175, 2.3343183994293213
34.596423, 0, 200, 2.2937958240509033
39.016627, 0, 225, 2.3468027114868164
43.26321, 0, 250, 2.2281227111816406
47.326707999999996, 0, 275, 2.2126288414001465
51.461057999999994, 0, 300, 2.195249080657959
55.935699, 0, 325, 2.1264162063598633
60.167066000000005, 0, 350, 2.1512746810913086
64.336727, 0, 375, 2.1280558109283447
78.887097, 1, 0, 2.066478729248047
83.630551, 1, 25, 2.129201889038086
87.908592, 1, 50, 1.9821031093597412
92.152951, 1, 75, 2.1464688777923584
96.334945, 1, 100, 2.06945538520813
100.978188, 1, 125, 2.1203389167785645
105.215823, 1, 150, 2.030975341796875
109.48478200000001, 1, 175, 2.068798065185547
113.769525, 1, 200, 1.9184181690216064
118.47858500000001, 1, 225, 1.8671886920928955
122.779587, 1, 250, 1.9804414510726929
127.06355800000001, 1, 275, 1.9298810958862305
131.313687, 1, 300, 1.937003254890442
136.08068999999998, 1, 325, 1.8979506492614746
140.34478099999998, 1, 350, 1.931755542755127
144.67899699999998, 1, 375, 1.8486659526824951
161.871987, 2, 0, 1.933566689491272
166.736886, 2, 25, 2.0624775886535645
171.105729, 2, 50, 1.8144060373306274
175.40281099999999, 2, 75, 2.0078864097595215
179.79817799999998, 2, 100, 1.9533933401107788
184.60096199999998, 2, 125, 1.9084553718566895
188.96347999999998, 2, 150, 1.851400375366211
193.335999, 2, 175, 1.9348798990249634
197.96779999999998, 2, 200, 1.6551377773284912
203.132364, 2, 225, 1.7131595611572266
207.45970799999998, 2, 250, 1.8186805248260498
211.80186799999998, 2, 275, 1.7713453769683838
216.173095, 2, 300, 1.7677606344223022
221.00703099999998, 2, 325, 1.7647432088851929
225.265427, 2, 350, 1.7781263589859009
229.58328799999998, 2, 375, 1.9494616985321045
247.241446, 3, 0, 1.8934119939804077
252.128081, 3, 25, 1.926178216934204
256.39978099999996, 3, 50, 1.731339454650879
260.694122, 3, 75, 1.8881778717041016
265.324664, 3, 100, 1.7788054943084717
270.041139, 3, 125, 1.9329984188079834
274.345127, 3, 150, 1.7399482727050781
278.68158, 3, 175, 1.8864896297454834
282.984405, 3, 200, 1.5496309995651245
287.884453, 3, 225, 1.657949686050415
292.22722999999996, 3, 250, 1.7038352489471436
296.59301899999997, 3, 275, 1.713312029838562
300.976096, 3, 300, 1.7629051208496094
305.636552, 3, 325, 1.6980336904525757
309.99015099999997, 3, 350, 1.7181856632232666
314.34144599999996, 3, 375, 1.7874404191970825
333.277578, 4, 0, 1.8335566520690918
338.078784, 4, 25, 1.817079782485962
342.368382, 4, 50, 1.6337790489196777
346.682343, 4, 75, 1.9338631629943848
350.941195, 4, 100, 1.7019095420837402
355.605378, 4, 125, 1.8988431692123413
359.898591, 4, 150, 1.636533260345459
364.187328, 4, 175, 1.7487156391143799
368.323894, 4, 200, 1.5006718635559082
373.24214, 4, 225, 1.5157108306884766
377.587745, 4, 250, 1.676781177520752
381.822865, 4, 275, 1.5694494247436523
386.120475, 4, 300, 1.7135785818099976
390.73956499999997, 4, 325, 1.5987725257873535
395.11634, 4, 350, 1.7554306983947754
399.419823, 4, 375, 1.640624761581421
418.368449, 5, 0, 1.6830825805664062
423.23794499999997, 5, 25, 1.748299241065979
427.573825, 5, 50, 1.5663843154907227
431.877076, 5, 75, 1.7944488525390625
436.253126, 5, 100, 1.6342326402664185
441.115306, 5, 125, 1.7819534540176392
445.378088, 5, 150, 1.5617947578430176
449.754456, 5, 175, 1.6999112367630005
454.065901, 5, 200, 1.4840599298477173
458.621011, 5, 225, 1.5303422212600708
462.929516, 5, 250, 1.6052179336547852
467.250815, 5, 275, 1.4597145318984985
471.580181, 5, 300, 1.6346522569656372
476.399836, 5, 325, 1.605854868888855
480.82358899999997, 5, 350, 1.7336558103561401
485.174822, 5, 375, 1.573406457901001
504.17580799999996, 6, 0, 1.6971182823181152
509.29696, 6, 25, 1.7240625619888306
513.834089, 6, 50, 1.5929354429244995
518.210103, 6, 75, 1.8512194156646729
522.538284, 6, 100, 1.5258057117462158
527.175832, 6, 125, 1.7228976488113403
531.550315, 6, 150, 1.5315098762512207
535.894036, 6, 175, 1.6307976245880127
540.231839, 6, 200, 1.4527016878128052
545.108536, 6, 225, 1.461500644683838
549.411344, 6, 250, 1.5666277408599854
553.745442, 6, 275, 1.4183690547943115
558.147367, 6, 300, 1.5313483476638794
563.089294, 6, 325, 1.5529192686080933
567.50743, 6, 350, 1.6006373167037964
572.126176, 6, 375, 1.490591049194336
590.073095, 7, 0, 1.7176672220230103
594.962422, 7, 25, 1.7058711051940918
599.38802, 7, 50, 1.5462843179702759
603.764904, 7, 75, 1.7712860107421875
608.166999, 7, 100, 1.4503159523010254
612.862495, 7, 125, 1.702355146408081
617.262389, 7, 150, 1.4468798637390137
621.60619, 7, 175, 1.5811572074890137
625.990057, 7, 200, 1.4098671674728394
630.71377, 7, 225, 1.445846438407898
635.017146, 7, 250, 1.5094006061553955
639.314877, 7, 275, 1.5110361576080322
643.6139939999999, 7, 300, 1.494579792022705
648.51443, 7, 325, 1.569536805152893
652.910736, 7, 350, 1.6685707569122314
657.320705, 7, 375, 1.4585554599761963
675.902344, 8, 0, 1.5938286781311035
680.805757, 8, 25, 1.675837755203247
685.153576, 8, 50, 1.4762001037597656
689.484369, 8, 75, 1.7041294574737549
693.825127, 8, 100, 1.4334232807159424
698.6774369999999, 8, 125, 1.6337943077087402
703.06303, 8, 150, 1.406468152999878
707.416277, 8, 175, 1.5548386573791504
711.8045549999999, 8, 200, 1.3151237964630127
716.764063, 8, 225, 1.3593573570251465
721.11482, 8, 250, 1.4662771224975586
725.531935, 8, 275, 1.4203367233276367
729.879418, 8, 300, 1.4129457473754883
734.450102, 8, 325, 1.4591560363769531
738.816768, 8, 350, 1.4837491512298584
743.14732, 8, 375, 1.4916250705718994
762.402037, 9, 0, 1.5304784774780273
767.308664, 9, 25, 1.7213610410690308
771.715572, 9, 50, 1.433532953262329
776.113924, 9, 75, 1.5874009132385254
780.5226, 9, 100, 1.301961064338684
785.321904, 9, 125, 1.6118370294570923
789.711748, 9, 150, 1.456609845161438
794.006588, 9, 175, 1.4214038848876953
798.379747, 9, 200, 1.273803472518921
803.275437, 9, 225, 1.3427748680114746
807.519031, 9, 250, 1.4760165214538574
811.889978, 9, 275, 1.3188104629516602
816.456476, 9, 300, 1.4091641902923584
821.678016, 9, 325, 1.4243704080581665
826.083247, 9, 350, 1.5146355628967285
830.4413519999999, 9, 375, 1.4685580730438232
849.497716, 10, 0, 1.421865463256836
854.378372, 10, 25, 1.7254595756530762
858.710791, 10, 50, 1.3572908639907837
863.100501, 10, 75, 1.6265002489089966
867.437191, 10, 100, 1.3681058883666992
872.097799, 10, 125, 1.574284553527832
876.783028, 10, 150, 1.338786244392395
881.133107, 10, 175, 1.4463860988616943
885.491679, 10, 200, 1.2036523818969727
890.3413429999999, 10, 225, 1.306535005569458
894.716405, 10, 250, 1.3607666492462158
899.022055, 10, 275, 1.3436375856399536
903.392175, 10, 300, 1.4106754064559937
908.06589, 10, 325, 1.5434215068817139
912.367203, 10, 350, 1.4742553234100342
916.67097, 10, 375, 1.3891181945800781
935.730343, 11, 0, 1.4706895351409912
940.670004, 11, 25, 1.7380324602127075
944.983655, 11, 50, 1.321807861328125
949.34478, 11, 75, 1.607673168182373
953.65122, 11, 100, 1.2705434560775757
958.55473, 11, 125, 1.5473253726959229
962.919542, 11, 150, 1.4336225986480713
967.326907, 11, 175, 1.4493045806884766
971.7645679999999, 11, 200, 1.2462189197540283
977.74817, 11, 225, 1.2550742626190186
982.168861, 11, 250, 1.4105157852172852
986.608892, 11, 275, 1.274632453918457
990.967951, 11, 300, 1.4306265115737915
995.9029889999999, 11, 325, 1.382791519165039
1000.27888, 11, 350, 1.4868443012237549
1004.603628, 11, 375, 1.3930038213729858
1023.600987, 12, 0, 1.40870201587677
1028.504873, 12, 25, 1.681899905204773
1032.915743, 12, 50, 1.3223092555999756
1037.206099, 12, 75, 1.5509727001190186
1041.57925, 12, 100, 1.2935229539871216
1046.48051, 12, 125, 1.5390307903289795
1050.813284, 12, 150, 1.4112581014633179
1055.139391, 12, 175, 1.41286301612854
1059.536622, 12, 200, 1.229024887084961
1064.422898, 12, 225, 1.2188929319381714
1068.760069, 12, 250, 1.3967771530151367
1073.074806, 12, 275, 1.2427185773849487
1077.523648, 12, 300, 1.361809492111206
1082.460006, 12, 325, 1.5561896562576294
1086.803263, 12, 350, 1.4259309768676758
1091.202916, 12, 375, 1.3180427551269531
1110.2036, 13, 0, 1.4913272857666016
1115.11381, 13, 25, 1.7054755687713623
1119.542819, 13, 50, 1.327115535736084
1124.060921, 13, 75, 1.4876675605773926
1128.638883, 13, 100, 1.2160505056381226
1133.720353, 13, 125, 1.3765685558319092
1138.107913, 13, 150, 1.408166766166687
1142.590843, 13, 175, 1.4110816717147827
1146.95626, 13, 200, 1.2310335636138916
1151.587283, 13, 225, 1.2393664121627808
1155.924785, 13, 250, 1.3344168663024902
1160.296512, 13, 275, 1.2420247793197632
1164.582238, 13, 300, 1.3996763229370117
1169.18279, 13, 325, 1.499406099319458
1173.588434, 13, 350, 1.3955037593841553
1177.995943, 13, 375, 1.3156651258468628
1196.995136, 14, 0, 1.4603257179260254
1201.851303, 14, 25, 1.5065498352050781
1206.242505, 14, 50, 1.3801450729370117
1210.607953, 14, 75, 1.5303618907928467
1214.98482, 14, 100, 1.2226190567016602
1219.92708, 14, 125, 1.4159976243972778
1224.292573, 14, 150, 1.3671393394470215
1228.668401, 14, 175, 1.3972604274749756
1233.076166, 14, 200, 1.162402629852295
1238.01402, 14, 225, 1.184099555015564
1242.413492, 14, 250, 1.3067615032196045
1246.7511299999999, 14, 275, 1.2035771608352661
1251.160921, 14, 300, 1.3517415523529053
1256.190132, 14, 325, 1.424187421798706
1260.635519, 14, 350, 1.3645288944244385
1264.901241, 14, 375, 1.320145845413208
1283.870672, 15, 0, 1.3909733295440674
1288.791707, 15, 25, 1.563459873199463
1293.130023, 15, 50, 1.3686085939407349
1297.485417, 15, 75, 1.466064214706421
1301.849592, 15, 100, 1.2976155281066895
1306.78195, 15, 125, 1.365649938583374
1311.177726, 15, 150, 1.3595890998840332
1315.533367, 15, 175, 1.3643962144851685
1319.925139, 15, 200, 1.1851900815963745
1324.718904, 15, 225, 1.1911909580230713
1329.138187, 15, 250, 1.2973320484161377
1333.550076, 15, 275, 1.2161376476287842
1337.996543, 15, 300, 1.3485007286071777
1342.846064, 15, 325, 1.4201300144195557
1347.202684, 15, 350, 1.3404512405395508
1351.605493, 15, 375, 1.3047106266021729
1370.790306, 16, 0, 1.4606738090515137
1375.735099, 16, 25, 1.5276440382003784
1380.127451, 16, 50, 1.3045274019241333
1384.4807309999999, 16, 75, 1.439733862876892
1388.897765, 16, 100, 1.2116621732711792
1393.851037, 16, 125, 1.3585236072540283
1398.283227, 16, 150, 1.389007568359375
1402.489812, 16, 175, 1.3423699140548706
1406.874149, 16, 200, 1.2382103204727173
1411.531392, 16, 225, 1.0941792726516724
1415.890769, 16, 250, 1.276808261871338
1420.25366, 16, 275, 1.177590012550354
1424.650549, 16, 300, 1.409390926361084
1429.635941, 16, 325, 1.3345286846160889
1434.206027, 16, 350, 1.3051866292953491
1438.839617, 16, 375, 1.2891254425048828
1457.990242, 17, 0, 1.4221899509429932
1462.872967, 17, 25, 1.5203605890274048
1467.23792, 17, 50, 1.2762951850891113
1471.576742, 17, 75, 1.4515368938446045
1475.986494, 17, 100, 1.155594825744629
1480.829539, 17, 125, 1.3135892152786255
1485.405468, 17, 150, 1.3319288492202759
1489.964192, 17, 175, 1.3654780387878418
1494.3679769999999, 17, 200, 1.2551865577697754
1499.047414, 17, 225, 1.0734171867370605
1503.458944, 17, 250, 1.2789850234985352
1507.848053, 17, 275, 1.1614084243774414
1512.215913, 17, 300, 1.431498408317566
1517.189639, 17, 325, 1.3106071949005127
1521.485032, 17, 350, 1.2614197731018066
1525.870042, 17, 375, 1.235895037651062
1544.856537, 18, 0, 1.3748080730438232
1549.844405, 18, 25, 1.4908385276794434
1554.299358, 18, 50, 1.2507438659667969
1558.6936, 18, 75, 1.4729981422424316
1563.059176, 18, 100, 1.2056183815002441
1567.925939, 18, 125, 1.3302483558654785
1572.316347, 18, 150, 1.3061226606369019
1576.674657, 18, 175, 1.3008899688720703
1581.05652, 18, 200, 1.172194480895996
1585.722622, 18, 225, 1.1354602575302124
1590.136864, 18, 250, 1.3657317161560059
1594.414136, 18, 275, 1.168513298034668
1598.769072, 18, 300, 1.4238810539245605
1603.765501, 18, 325, 1.2433818578720093
1608.22983, 18, 350, 1.3427648544311523
1612.6243279999999, 18, 375, 1.2315576076507568
1630.504648, 19, 0, 1.4577324390411377
1635.444852, 19, 25, 1.5634280443191528
1639.834941, 19, 50, 1.2704477310180664
1644.229818, 19, 75, 1.474217176437378
1648.586528, 19, 100, 1.119612216949463
1653.231767, 19, 125, 1.2963974475860596
1657.643025, 19, 150, 1.2722140550613403
1661.934988, 19, 175, 1.2780113220214844
1666.317999, 19, 200, 1.165273666381836
1671.25423, 19, 225, 1.075618863105774
1675.625808, 19, 250, 1.2851625680923462
1679.872262, 19, 275, 1.175848364830017
1684.196523, 19, 300, 1.4531941413879395
1688.849837, 19, 325, 1.2498276233673096
1693.12886, 19, 350, 1.2730908393859863
1697.464281, 19, 375, 1.2034990787506104
1720.795233, 20, 25, 1.6026691198349
1728.680901, 20, 75, 1.7038527727127075
1737.114503, 20, 125, 1.3730714321136475
1745.17766, 20, 175, 1.3771328926086426
1753.887628, 20, 225, 1.2653437852859497
1761.677229, 20, 275, 1.2263736724853516
1770.02743, 20, 325, 1.343564510345459
1777.875352, 20, 375, 1.3509279489517212
1801.077519, 21, 25, 1.5429110527038574
1808.835996, 21, 75, 1.4931085109710693
1817.186047, 21, 125, 1.3979041576385498
1824.940942, 21, 175, 1.385455846786499
1833.265664, 21, 225, 1.2639727592468262
1841.12565, 21, 275, 1.2473634481430054
1849.403719, 21, 325, 1.4041376113891602
1857.262301, 21, 375, 1.206847906112671
1880.293001, 22, 25, 1.3782148361206055
1888.222666, 22, 75, 1.4905064105987549
1896.679693, 22, 125, 1.271540641784668
1904.5296759999999, 22, 175, 1.3088698387145996
1913.1022189999999, 22, 225, 1.221840739250183
1920.937733, 22, 275, 1.3065565824508667
1929.293188, 22, 325, 1.344757080078125
1937.107327, 22, 375, 1.3179640769958496
1960.206329, 23, 25, 1.4283168315887451
1968.08993, 23, 75, 1.3117170333862305
1976.419695, 23, 125, 1.331719160079956
1984.284061, 23, 175, 1.2986418008804321
1992.643764, 23, 225, 1.087815523147583
2000.467489, 23, 275, 1.1779370307922363
2008.766009, 23, 325, 1.1994398832321167
2016.663942, 23, 375, 1.2303886413574219
2039.675993, 24, 25, 1.4057822227478027
2047.5202310000002, 24, 75, 1.2814674377441406
2056.19038, 24, 125, 1.189163327217102
2064.470409, 24, 175, 1.2380914688110352
2072.7742590000003, 24, 225, 1.1055917739868164
2080.6433150000003, 24, 275, 1.2772448062896729
2089.0618550000004, 24, 325, 1.2644950151443481
2097.1403950000004, 24, 375, 1.2730982303619385
2119.847564, 25, 25, 1.4215294122695923
2127.712872, 25, 75, 1.260960578918457
2136.03701, 25, 125, 1.1894338130950928
2143.892315, 25, 175, 1.2163351774215698
2152.1788960000003, 25, 225, 1.046309471130371
2159.91741, 25, 275, 1.237606167793274
2168.3614530000004, 25, 325, 1.2432150840759277
2176.2572120000004, 25, 375, 1.1910436153411865
2199.32232, 26, 25, 1.3493690490722656
2207.282923, 26, 75, 1.177574872970581
2215.7782490000004, 26, 125, 1.2204842567443848
2223.624564, 26, 175, 1.2048075199127197
2232.0757930000004, 26, 225, 1.0382503271102905
2239.9419340000004, 26, 275, 1.121550440788269
2248.3920780000003, 26, 325, 1.2163547277450562
2256.219109, 26, 375, 1.2248234748840332
2279.2233090000004, 27, 25, 1.3795260190963745
2286.953832, 27, 75, 1.3099098205566406
2295.3802320000004, 27, 125, 1.1316807270050049
2303.1829190000003, 27, 175, 1.1856050491333008
2311.5262690000004, 27, 225, 0.9931836128234863
2319.3889430000004, 27, 275, 1.2042064666748047
2327.898391, 27, 325, 1.2599033117294312
2335.7186970000002, 27, 375, 1.1216726303100586
2358.2906070000004, 28, 25, 1.212838888168335
2366.4753210000003, 28, 75, 1.3017387390136719
2375.052892, 28, 125, 1.1444426774978638
2382.89129, 28, 175, 1.1822911500930786
2391.148418, 28, 225, 0.9557201862335205
2399.053099, 28, 275, 1.0218563079833984
2407.7135030000004, 28, 325, 1.2429394721984863
2415.499212, 28, 375, 1.1393136978149414
2438.5432990000004, 29, 25, 1.4289954900741577
2446.4106410000004, 29, 75, 1.305021047592163
2454.8161280000004, 29, 125, 1.1708170175552368
2462.714903, 29, 175, 1.1276565790176392
2471.147178, 29, 225, 0.9563822746276855
2479.001455, 29, 275, 1.0221760272979736
2487.394518, 29, 325, 1.2776315212249756
2495.333896, 29, 375, 1.0654360055923462
