time, epoch, batch_idx, loss
0.29739700000000013, 0, 0, 6.94413948059082
4.900326000000001, 0, 25, 3.82952880859375
9.076262, 0, 50, 3.5530991554260254
13.311253999999998, 0, 75, 3.764340400695801
17.465474999999998, 0, 100, 3.5648040771484375
22.286158, 0, 125, 3.4340338706970215
26.4558, 0, 150, 3.607717990875244
30.507479999999997, 0, 175, 3.7562367916107178
34.663333, 0, 200, 3.3998987674713135
39.097949, 0, 225, 3.3973751068115234
43.287997000000004, 0, 250, 3.3161511421203613
47.457691000000004, 0, 275, 3.646153450012207
51.694437, 0, 300, 3.7442245483398438
56.414437, 0, 325, 4.197079181671143
60.631803, 0, 350, 3.1367716789245605
64.738834, 0, 375, 3.6623706817626953
78.410668, 1, 0, 3.1920888423919678
83.311804, 1, 25, 3.5249199867248535
87.570577, 1, 50, 3.454559326171875
91.81845799999999, 1, 75, 3.716826915740967
96.02755499999999, 1, 100, 3.4220733642578125
100.77374499999999, 1, 125, 3.2220306396484375
105.054101, 1, 150, 3.421023368835449
109.336835, 1, 175, 3.4670355319976807
114.08637399999999, 1, 200, 2.956758499145508
118.973023, 1, 225, 3.065634250640869
123.587866, 1, 250, 3.0120785236358643
127.87216299999999, 1, 275, 3.442107677459717
132.15111000000002, 1, 300, 3.439185380935669
136.965079, 1, 325, 3.7496907711029053
141.301668, 1, 350, 2.7911906242370605
145.625659, 1, 375, 3.5416719913482666
156.566633, 2, 0, 2.9898507595062256
161.70476000000002, 2, 25, 3.3388442993164062
166.091385, 2, 50, 3.1112260818481445
170.563717, 2, 75, 3.518465042114258
175.08185600000002, 2, 100, 3.2247352600097656
180.129162, 2, 125, 3.0493576526641846
184.628162, 2, 150, 3.2571489810943604
189.110363, 2, 175, 3.4213221073150635
193.655941, 2, 200, 2.8438358306884766
198.70455, 2, 225, 2.913106679916382
203.484415, 2, 250, 2.8722305297851562
208.065232, 2, 275, 3.1070384979248047
212.577457, 2, 300, 3.2189533710479736
217.319263, 2, 325, 3.794069290161133
221.852451, 2, 350, 2.628209114074707
226.37744800000002, 2, 375, 3.393343448638916
239.337903, 3, 0, 2.8147265911102295
244.28771400000002, 3, 25, 3.2530860900878906
248.69663300000002, 3, 50, 3.0186941623687744
253.222939, 3, 75, 3.486090660095215
257.790442, 3, 100, 3.0372252464294434
262.653523, 3, 125, 2.9406023025512695
267.07625, 3, 150, 3.13903546333313
271.475079, 3, 175, 3.1977033615112305
275.916296, 3, 200, 2.992142915725708
280.93123, 3, 225, 2.746980667114258
285.350677, 3, 250, 2.821892261505127
289.828273, 3, 275, 3.0297470092773438
294.277107, 3, 300, 3.163680076599121
299.034091, 3, 325, 3.7439963817596436
303.466741, 3, 350, 2.597458600997925
308.01180500000004, 3, 375, 3.1267690658569336
326.603315, 4, 0, 2.8100993633270264
331.41638, 4, 25, 3.1401543617248535
335.851184, 4, 50, 2.9494965076446533
340.345217, 4, 75, 3.329594612121582
344.791374, 4, 100, 3.030355930328369
349.552569, 4, 125, 2.895723819732666
354.071325, 4, 150, 2.9802284240722656
358.586493, 4, 175, 3.231660842895508
363.038017, 4, 200, 2.720919132232666
368.059901, 4, 225, 2.7142796516418457
372.4757, 4, 250, 2.734804153442383
376.882991, 4, 275, 3.0857186317443848
381.377655, 4, 300, 3.151193380355835
386.754432, 4, 325, 3.5438196659088135
391.30064600000003, 4, 350, 2.4893798828125
395.781319, 4, 375, 3.0417520999908447
415.06005, 5, 0, 2.724445343017578
420.119142, 5, 25, 3.2587051391601562
424.534352, 5, 50, 2.8904428482055664
429.0237, 5, 75, 3.2855005264282227
433.48422500000004, 5, 100, 2.8890066146850586
438.617765, 5, 125, 2.858020544052124
443.13706, 5, 150, 3.0328309535980225
447.649177, 5, 175, 3.051398754119873
452.145503, 5, 200, 2.694148063659668
457.169509, 5, 225, 2.563887596130371
461.666606, 5, 250, 2.6557836532592773
466.093531, 5, 275, 2.96622371673584
470.56122700000003, 5, 300, 3.0020785331726074
475.374275, 5, 325, 3.3454995155334473
479.869327, 5, 350, 2.310398578643799
484.414017, 5, 375, 3.0306661128997803
503.392914, 6, 0, 2.633178234100342
508.743469, 6, 25, 3.0774383544921875
513.531876, 6, 50, 2.720219850540161
518.090413, 6, 75, 3.211332082748413
522.526581, 6, 100, 2.902937889099121
527.474615, 6, 125, 2.8623485565185547
532.009874, 6, 150, 2.8233604431152344
536.556042, 6, 175, 3.073479175567627
541.0299180000001, 6, 200, 2.6283867359161377
545.733435, 6, 225, 2.472393274307251
550.169657, 6, 250, 2.4583847522735596
554.578781, 6, 275, 2.926438331604004
559.047834, 6, 300, 2.91379451751709
564.0147010000001, 6, 325, 3.298436164855957
568.4694000000001, 6, 350, 2.252108097076416
572.957891, 6, 375, 3.010761260986328
592.229389, 7, 0, 2.5970616340637207
597.274208, 7, 25, 3.0159828662872314
601.680281, 7, 50, 2.823073625564575
606.232284, 7, 75, 3.1653547286987305
610.679348, 7, 100, 2.720475673675537
615.761435, 7, 125, 2.6869564056396484
620.121228, 7, 150, 2.8487708568573
624.5975980000001, 7, 175, 2.8527181148529053
629.047475, 7, 200, 2.578857183456421
634.123003, 7, 225, 2.452291488647461
638.586557, 7, 250, 2.476231575012207
643.031575, 7, 275, 2.7278292179107666
647.522483, 7, 300, 2.9217581748962402
652.508657, 7, 325, 3.239891290664673
657.06792, 7, 350, 2.2945187091827393
661.512859, 7, 375, 2.865248203277588
679.117749, 8, 0, 2.6154298782348633
684.174348, 8, 25, 2.8306918144226074
688.639934, 8, 50, 2.6910247802734375
693.4839890000001, 8, 75, 3.0906801223754883
698.032222, 8, 100, 2.6210832595825195
702.933318, 8, 125, 2.771243095397949
707.478822, 8, 150, 2.769813060760498
712.006501, 8, 175, 2.9044556617736816
716.524952, 8, 200, 2.3874316215515137
721.55695, 8, 225, 2.4228103160858154
725.983925, 8, 250, 2.371727705001831
730.282698, 8, 275, 2.701382637023926
734.691576, 8, 300, 2.7699155807495117
739.7521370000001, 8, 325, 3.3071789741516113
744.240231, 8, 350, 2.2027077674865723
748.613709, 8, 375, 2.7913894653320312
767.560054, 9, 0, 2.4764928817749023
772.611578, 9, 25, 2.913318157196045
777.138195, 9, 50, 2.6011297702789307
781.617361, 9, 75, 3.008085012435913
786.163352, 9, 100, 2.6322600841522217
791.20014, 9, 125, 2.670851707458496
795.691043, 9, 150, 2.700998306274414
800.141527, 9, 175, 2.8790132999420166
804.598056, 9, 200, 2.6473023891448975
809.646109, 9, 225, 2.3669612407684326
814.157071, 9, 250, 2.3783798217773438
819.011249, 9, 275, 2.181540012359619
823.767334, 9, 300, 1.989577293395996
828.644328, 9, 325, 2.456704616546631
833.164799, 9, 350, 1.984521746635437
837.662094, 9, 375, 2.2795510292053223
860.924137, 10, 25, 2.255753517150879
868.818506, 10, 75, 2.6967923641204834
877.349381, 10, 125, 2.2828357219696045
885.351332, 10, 175, 2.328388214111328
893.819126, 10, 225, 2.0138330459594727
901.675739, 10, 275, 2.0989954471588135
910.141927, 10, 325, 2.499070882797241
918.046273, 10, 375, 2.344738483428955
936.0140680000001, 11, 25, 2.085922956466675
943.984737, 11, 75, 2.6039812564849854
952.487333, 11, 125, 2.2590723037719727
960.460863, 11, 175, 2.454641819000244
969.003494, 11, 225, 1.9433658123016357
976.953947, 11, 275, 1.9768482446670532
985.373738, 11, 325, 2.410909652709961
993.331519, 11, 375, 2.3549911975860596
1016.543297, 12, 25, 2.0282325744628906
1024.538942, 12, 75, 2.6163949966430664
1032.841745, 12, 125, 2.116804599761963
1040.723181, 12, 175, 2.2806529998779297
1049.157083, 12, 225, 1.7777197360992432
1056.960288, 12, 275, 1.9270480871200562
1065.315088, 12, 325, 2.358766555786133
1073.324386, 12, 375, 2.404271125793457
1096.698865, 13, 25, 1.9919631481170654
1104.597098, 13, 75, 2.4422245025634766
1113.060932, 13, 125, 2.0028581619262695
1120.926285, 13, 175, 2.2361183166503906
1129.725884, 13, 225, 1.7918200492858887
1137.930423, 13, 275, 1.946229338645935
1146.441008, 13, 325, 2.3448426723480225
1154.3832, 13, 375, 2.2454099655151367
1174.564047, 14, 25, 1.9829518795013428
1182.478834, 14, 75, 2.3100106716156006
1190.904022, 14, 125, 2.0080981254577637
1198.84938, 14, 175, 2.193725109100342
1207.274121, 14, 225, 1.6442663669586182
1215.221254, 14, 275, 1.7903199195861816
1223.736284, 14, 325, 2.297248363494873
1231.663652, 14, 375, 2.1685104370117188
1254.74243, 15, 25, 1.9597232341766357
1262.490697, 15, 75, 2.2856554985046387
1270.694187, 15, 125, 1.8260031938552856
1278.436748, 15, 175, 2.209104537963867
1286.779865, 15, 225, 1.7007970809936523
1294.727346, 15, 275, 1.9410103559494019
1303.455769, 15, 325, 2.2066702842712402
1311.693609, 15, 375, 2.2639541625976562
1333.530459, 16, 25, 1.9643216133117676
1341.409775, 16, 75, 2.415536880493164
1349.917826, 16, 125, 1.8611798286437988
1357.802734, 16, 175, 2.1518807411193848
1366.237737, 16, 225, 1.7497835159301758
1374.182145, 16, 275, 1.8892931938171387
1382.74843, 16, 325, 2.236070156097412
1390.776757, 16, 375, 2.2340893745422363
1413.312354, 17, 25, 1.8791038990020752
1421.192824, 17, 75, 2.365814685821533
1429.6508880000001, 17, 125, 1.8179514408111572
1438.0449370000001, 17, 175, 2.202849864959717
1446.903745, 17, 225, 1.9672399759292603
1454.841819, 17, 275, 1.762528419494629
1463.229459, 17, 325, 2.182110071182251
1471.133575, 17, 375, 2.447117805480957
1494.63322, 18, 25, 1.899592638015747
1502.572117, 18, 75, 2.234429359436035
1511.046473, 18, 125, 1.8750624656677246
1518.986566, 18, 175, 2.0520949363708496
1527.310276, 18, 225, 1.8454320430755615
1535.198744, 18, 275, 1.8812229633331299
1543.762763, 18, 325, 2.2655327320098877
1551.768535, 18, 375, 2.3145430088043213
1574.881065, 19, 25, 1.7707058191299438
1582.718184, 19, 75, 2.1823487281799316
1591.019019, 19, 125, 1.8075083494186401
1598.944852, 19, 175, 2.019331455230713
1607.373891, 19, 225, 1.7463902235031128
1615.565326, 19, 275, 1.7217861413955688
1624.010239, 19, 325, 2.416175127029419
1631.847464, 19, 375, 2.2134697437286377
1661.856277, 20, 75, 3.3777852058410645
1676.829229, 20, 175, 3.2632899284362793
1691.917113, 20, 275, 3.0911059379577637
1707.276929, 20, 375, 3.3924107551574707
1725.037625, 21, 25, 2.884249210357666
1753.829943, 21, 225, 2.932816982269287
1800.391279, 22, 75, 3.2444686889648438
1901.915332, 23, 325, 3.769730806350708
1942.125247, 24, 175, 2.998504161834717
