time, epoch, batch_idx, loss
0.17196699999999954, 0, 0, 6.910238265991211
4.615119, 0, 25, 5.000267028808594
8.737718, 0, 50, 3.4872617721557617
12.959143, 0, 75, 3.667383909225464
17.098197999999996, 0, 100, 3.5341644287109375
21.803251000000003, 0, 125, 3.4307665824890137
26.041651, 0, 150, 3.8990302085876465
30.25121, 0, 175, 3.4250500202178955
34.508686000000004, 0, 200, 3.418545961380005
39.217163, 0, 225, 3.3331570625305176
43.470872, 0, 250, 3.269639015197754
47.659321, 0, 275, 3.654287099838257
51.923611, 0, 300, 3.896075963973999
56.448644, 0, 325, 3.594275951385498
60.705099000000004, 0, 350, 3.33961820602417
64.887744, 0, 375, 3.3528082370758057
77.622925, 1, 0, 3.292574882507324
82.429192, 1, 25, 3.7992215156555176
86.711693, 1, 50, 3.32908296585083
90.955598, 1, 75, 3.6043028831481934
95.168637, 1, 100, 3.534456253051758
99.954132, 1, 125, 3.3696324825286865
104.224867, 1, 150, 3.8514537811279297
108.509332, 1, 175, 3.3984909057617188
113.051058, 1, 200, 3.4301342964172363
118.183291, 1, 225, 3.3348608016967773
122.546102, 1, 250, 3.27233624458313
126.88289400000001, 1, 275, 3.6599996089935303
131.154843, 1, 300, 3.9008591175079346
136.05017199999998, 1, 325, 3.605461597442627
140.387241, 1, 350, 3.354161262512207
144.81699999999998, 1, 375, 3.405423641204834
157.04438299999998, 2, 0, 3.3216309547424316
161.99161099999998, 2, 25, 3.738908290863037
166.71748699999998, 2, 50, 3.3451075553894043
171.53752699999998, 2, 75, 3.596945285797119
176.34221799999997, 2, 100, 3.5222082138061523
181.44736899999998, 2, 125, 3.337378978729248
186.207347, 2, 150, 3.887741804122925
191.00403699999998, 2, 175, 3.384538173675537
195.82433899999998, 2, 200, 3.459925889968872
201.18786899999998, 2, 225, 3.3014893531799316
205.93445499999999, 2, 250, 3.2613723278045654
210.69653599999998, 2, 275, 3.609309196472168
215.448311, 2, 300, 3.8945207595825195
220.600825, 2, 325, 3.563976764678955
225.300764, 2, 350, 3.3514370918273926
230.09387099999998, 2, 375, 3.4038424491882324
241.243914, 3, 0, 3.320384979248047
246.51710999999997, 3, 25, 3.7497615814208984
251.251747, 3, 50, 3.3900046348571777
256.022673, 3, 75, 3.5901145935058594
260.73620400000004, 3, 100, 3.5361907482147217
265.565058, 3, 125, 3.324134111404419
270.502917, 3, 150, 3.8766937255859375
275.418699, 3, 175, 3.4133834838867188
280.24111500000004, 3, 200, 3.409552574157715
285.468749, 3, 225, 3.295149564743042
290.220476, 3, 250, 3.2244608402252197
294.93903800000004, 3, 275, 3.5884177684783936
299.666506, 3, 300, 3.8098697662353516
304.701092, 3, 325, 3.4874866008758545
309.467469, 3, 350, 3.2414088249206543
314.18534500000004, 3, 375, 3.2629637718200684
325.717576, 4, 0, 3.2329063415527344
330.916761, 4, 25, 3.7687220573425293
335.63858600000003, 4, 50, 3.2758288383483887
340.358045, 4, 75, 3.454554319381714
345.10123200000004, 4, 100, 3.4284961223602295
350.28634, 4, 125, 3.1920294761657715
354.90755, 4, 150, 3.6620559692382812
359.532705, 4, 175, 3.2398123741149902
364.17313, 4, 200, 3.127070426940918
369.17843500000004, 4, 225, 2.9741029739379883
373.853876, 4, 250, 2.9871163368225098
378.45531, 4, 275, 3.3369836807250977
383.095991, 4, 300, 3.6652021408081055
388.26736600000004, 4, 325, 3.3157830238342285
392.84162200000003, 4, 350, 3.0143661499023438
397.374453, 4, 375, 3.0071370601654053
415.058199, 5, 0, 3.112398624420166
420.223075, 5, 25, 3.4963345527648926
425.158468, 5, 50, 2.9015045166015625
430.010513, 5, 75, 3.2935373783111572
434.557706, 5, 100, 3.140899658203125
439.69073000000003, 5, 125, 2.937904119491577
444.15432500000003, 5, 150, 3.5693745613098145
448.746175, 5, 175, 2.9960412979125977
453.235341, 5, 200, 3.019192934036255
458.27209700000003, 5, 225, 2.734618663787842
462.74913100000003, 5, 250, 2.8315815925598145
467.135802, 5, 275, 3.1640748977661133
471.63631000000004, 5, 300, 3.3512356281280518
476.34553800000003, 5, 325, 3.06264066696167
480.831112, 5, 350, 2.894951820373535
485.31, 5, 375, 2.8780159950256348
504.422765, 6, 0, 2.892615795135498
509.514356, 6, 25, 3.3920042514801025
514.081247, 6, 50, 2.78549861907959
518.637791, 6, 75, 2.864983081817627
523.18311, 6, 100, 2.6535398960113525
528.117356, 6, 125, 2.359394073486328
532.6252440000001, 6, 150, 2.6578409671783447
537.084387, 6, 175, 2.3277652263641357
541.532107, 6, 200, 2.264519214630127
546.520117, 6, 225, 2.195575714111328
550.986503, 6, 250, 2.1130001544952393
555.412057, 6, 275, 2.268597364425659
559.860282, 6, 300, 2.5212130546569824
564.721897, 6, 325, 2.1226284503936768
569.2120170000001, 6, 350, 2.799548625946045
573.7319620000001, 6, 375, 2.343149185180664
591.393387, 7, 0, 2.4681172370910645
596.084726, 7, 25, 2.5163938999176025
600.490989, 7, 50, 2.1353893280029297
604.8554790000001, 7, 75, 2.7250542640686035
609.318097, 7, 100, 2.4914557933807373
614.275808, 7, 125, 2.385209798812866
618.763404, 7, 150, 2.545868396759033
623.255343, 7, 175, 2.324070692062378
627.693894, 7, 200, 2.383908987045288
632.457611, 7, 225, 2.030327558517456
636.912987, 7, 250, 2.0551748275756836
641.328895, 7, 275, 2.347214937210083
645.8229660000001, 7, 300, 2.3634791374206543
650.532242, 7, 325, 2.0210981369018555
654.950455, 7, 350, 2.595263719558716
659.3281000000001, 7, 375, 2.2911829948425293
677.75121, 8, 0, 2.3045144081115723
682.791873, 8, 25, 2.500530242919922
687.221319, 8, 50, 2.056745767593384
691.613141, 8, 75, 2.498786449432373
696.040718, 8, 100, 2.4388246536254883
701.043773, 8, 125, 2.4308977127075195
705.52854, 8, 150, 2.5043301582336426
709.981979, 8, 175, 2.1372222900390625
714.464301, 8, 200, 2.2114100456237793
719.239684, 8, 225, 1.9101414680480957
723.679614, 8, 250, 1.895153284072876
728.205296, 8, 275, 2.2882518768310547
732.949336, 8, 300, 2.3758492469787598
738.333048, 8, 325, 2.0923614501953125
742.850924, 8, 350, 2.676532506942749
747.26471, 8, 375, 2.2315659523010254
766.250541, 9, 0, 2.29111909866333
771.302032, 9, 25, 2.4812211990356445
775.7830710000001, 9, 50, 1.9161909818649292
780.2370940000001, 9, 75, 2.5230743885040283
784.655576, 9, 100, 2.396973133087158
789.589474, 9, 125, 2.2578673362731934
794.094016, 9, 150, 2.357419729232788
798.382949, 9, 175, 2.141995906829834
802.8397600000001, 9, 200, 2.0698933601379395
807.891428, 9, 225, 1.8138364553451538
812.331012, 9, 250, 2.0410983562469482
816.78282, 9, 275, 2.3069443702697754
821.176104, 9, 300, 2.2225208282470703
825.923539, 9, 325, 1.9484648704528809
830.21176, 9, 350, 2.3954474925994873
834.671275, 9, 375, 2.1579630374908447
864.709498, 10, 75, 3.1868958473205566
879.711524, 10, 175, 2.8547000885009766
894.891305, 10, 275, 3.094540596008301
909.806944, 10, 375, 3.0259690284729004
942.673196, 11, 125, 3.6015877723693848
1036.222032, 12, 375, 19.294029235839844
1248.4745799999998, 17, 25, 6.9077558517456055
1332.592242, 18, 275, 6.9077558517456055
1628.8973079999998, 24, 175, 6.9077558517456055
