time, epoch, batch_idx, loss
0.32710000000000017, 0, 0, 6.907175540924072
5.268367, 0, 25, 6.6436333656311035
10.093221, 0, 50, 2.5463969707489014
14.757441000000002, 0, 75, 2.408675193786621
19.642163999999998, 0, 100, 2.3626391887664795
24.529563, 0, 125, 2.4268431663513184
29.115062999999996, 0, 150, 2.414724826812744
33.798879, 0, 175, 2.3752644062042236
38.408544, 0, 200, 2.34102725982666
43.308510000000005, 0, 225, 2.3547110557556152
47.956069, 0, 250, 2.343125104904175
52.730545, 0, 275, 2.382171154022217
57.663733, 0, 300, 2.369292736053467
62.495002, 0, 325, 2.3456737995147705
67.382527, 0, 350, 2.2870516777038574
72.301933, 0, 375, 2.2600364685058594
75.218584, 1, 0, 2.265108108520508
80.439729, 1, 25, 2.3982439041137695
85.349805, 1, 50, 2.1824886798858643
90.19744800000001, 1, 75, 2.298774242401123
94.89097600000001, 1, 100, 2.27297306060791
99.854659, 1, 125, 2.22688364982605
104.82223, 1, 150, 2.3143296241760254
109.507346, 1, 175, 2.2380664348602295
114.251706, 1, 200, 2.0794520378112793
118.99310200000001, 1, 225, 2.037311315536499
123.649264, 1, 250, 2.108185052871704
128.46797099999998, 1, 275, 2.121211528778076
133.334474, 1, 300, 2.0930604934692383
138.52728, 1, 325, 2.1966686248779297
143.071736, 1, 350, 2.1534340381622314
148.047387, 1, 375, 2.0056207180023193
151.19749199999998, 2, 0, 2.0121688842773438
156.324886, 2, 25, 2.0523664951324463
160.897021, 2, 50, 1.971189260482788
165.81149399999998, 2, 75, 2.351059913635254
170.505384, 2, 100, 2.008441686630249
175.58349099999998, 2, 125, 2.035054922103882
180.58422499999998, 2, 150, 2.0014991760253906
184.884742, 2, 175, 2.0289993286132812
189.698841, 2, 200, 1.8930870294570923
194.70102999999997, 2, 225, 1.7578022480010986
199.305817, 2, 250, 1.9022005796432495
203.71353299999998, 2, 275, 1.8955399990081787
208.60607199999998, 2, 300, 1.8975331783294678
213.27848999999998, 2, 325, 1.973763108253479
218.198681, 2, 350, 1.9200084209442139
223.087921, 2, 375, 1.9534344673156738
226.052786, 3, 0, 1.9236170053482056
231.221147, 3, 25, 1.9177063703536987
235.96113, 3, 50, 1.8380922079086304
241.06771799999999, 3, 75, 2.1257922649383545
245.643238, 3, 100, 1.853156328201294
250.621119, 3, 125, 1.869133472442627
254.96489499999998, 3, 150, 1.8409396409988403
259.895732, 3, 175, 1.9839116334915161
264.819369, 3, 200, 1.6376302242279053
270.008845, 3, 225, 1.6987673044204712
274.75424000000004, 3, 250, 1.7678883075714111
279.313809, 3, 275, 1.7679755687713623
283.983471, 3, 300, 1.803735613822937
288.87437, 3, 325, 1.7648214101791382
293.731175, 3, 350, 1.8141766786575317
298.48767200000003, 3, 375, 1.7886207103729248
301.684184, 4, 0, 1.8767709732055664
306.707799, 4, 25, 1.8919284343719482
311.408615, 4, 50, 1.739497184753418
316.745918, 4, 75, 1.9606504440307617
321.38237300000003, 4, 100, 1.843540906906128
326.474714, 4, 125, 1.8241138458251953
330.703751, 4, 150, 1.7767691612243652
335.430705, 4, 175, 1.8208856582641602
340.282461, 4, 200, 1.6059863567352295
345.30107200000003, 4, 225, 1.5855234861373901
350.48681200000004, 4, 250, 1.6853792667388916
355.407062, 4, 275, 1.678070068359375
360.39288, 4, 300, 1.766460657119751
365.32878500000004, 4, 325, 1.8045077323913574
369.990941, 4, 350, 1.7416648864746094
374.56659, 4, 375, 1.8094143867492676
377.73812000000004, 5, 0, 1.7940192222595215
383.06592700000004, 5, 25, 1.828294277191162
388.071612, 5, 50, 1.6870089769363403
392.973885, 5, 75, 1.8919334411621094
397.37439700000004, 5, 100, 1.82462477684021
401.958575, 5, 125, 1.7774009704589844
406.946127, 5, 150, 1.7036759853363037
411.62629200000003, 5, 175, 1.6669397354125977
416.50041100000004, 5, 200, 1.5209496021270752
421.317547, 5, 225, 1.5451931953430176
426.03677500000003, 5, 250, 1.67155921459198
430.73422800000003, 5, 275, 1.6055572032928467
435.531787, 5, 300, 1.7153778076171875
440.532392, 5, 325, 1.7469186782836914
444.93770800000004, 5, 350, 1.6780481338500977
449.896223, 5, 375, 1.6237428188323975
453.030118, 6, 0, 1.7473527193069458
457.539144, 6, 25, 1.7510771751403809
462.20939300000003, 6, 50, 1.5104533433914185
467.012939, 6, 75, 1.80800461769104
471.946235, 6, 100, 1.6573543548583984
477.17283100000003, 6, 125, 1.7193392515182495
481.63694300000003, 6, 150, 1.6385846138000488
486.44689800000003, 6, 175, 1.6416475772857666
491.163184, 6, 200, 1.5197560787200928
496.027234, 6, 225, 1.5012130737304688
500.77116, 6, 250, 1.6292390823364258
505.447612, 6, 275, 1.520830512046814
510.217072, 6, 300, 1.6774438619613647
515.3188749999999, 6, 325, 1.6061978340148926
520.307139, 6, 350, 1.541754961013794
524.9067709999999, 6, 375, 1.5449421405792236
527.599761, 7, 0, 1.727872610092163
532.6374599999999, 7, 25, 1.6176776885986328
537.5061919999999, 7, 50, 1.48051917552948
542.0086749999999, 7, 75, 1.7998534440994263
546.671744, 7, 100, 1.6144771575927734
551.2737609999999, 7, 125, 1.6360838413238525
556.11937, 7, 150, 1.6010509729385376
561.0845569999999, 7, 175, 1.6094303131103516
566.0073309999999, 7, 200, 1.4830516576766968
571.037158, 7, 225, 1.3925533294677734
575.7407099999999, 7, 250, 1.599877119064331
580.449764, 7, 275, 1.5692133903503418
585.297744, 7, 300, 1.5931764841079712
590.0071459999999, 7, 325, 1.6269662380218506
594.71061, 7, 350, 1.4892617464065552
599.618348, 7, 375, 1.5025420188903809
602.4203679999999, 8, 0, 1.61907160282135
607.589751, 8, 25, 1.547069787979126
612.275707, 8, 50, 1.4171075820922852
617.016431, 8, 75, 1.7359120845794678
621.941058, 8, 100, 1.5280861854553223
626.6995489999999, 8, 125, 1.5360705852508545
631.274495, 8, 150, 1.5335376262664795
635.8895709999999, 8, 175, 1.5643479824066162
640.3714669999999, 8, 200, 1.4798280000686646
645.0565459999999, 8, 225, 1.3523507118225098
649.551147, 8, 250, 1.5729050636291504
653.817598, 8, 275, 1.4514780044555664
658.672793, 8, 300, 1.510122299194336
663.9415799999999, 8, 325, 1.517782211303711
668.790033, 8, 350, 1.5500917434692383
673.746457, 8, 375, 1.4134984016418457
676.8380649999999, 9, 0, 1.5544607639312744
681.9063629999999, 9, 25, 1.6384249925613403
686.3668739999999, 9, 50, 1.4133110046386719
690.959935, 9, 75, 1.6828396320343018
695.776127, 9, 100, 1.4282658100128174
700.861094, 9, 125, 1.551255464553833
705.407391, 9, 150, 1.6005078554153442
709.492302, 9, 175, 1.5354071855545044
713.933761, 9, 200, 1.3750827312469482
718.625542, 9, 225, 1.3039016723632812
723.201149, 9, 250, 1.5598747730255127
727.656624, 9, 275, 1.4893136024475098
732.185074, 9, 300, 1.3685657978057861
737.2118399999999, 9, 325, 1.4878191947937012
741.8281179999999, 9, 350, 1.428749918937683
746.2009109999999, 9, 375, 1.4390157461166382
749.2290879999999, 10, 0, 1.5531389713287354
754.5952669999999, 10, 25, 1.6810147762298584
759.1100279999999, 10, 50, 1.3749700784683228
763.8517579999999, 10, 75, 1.603371262550354
768.344343, 10, 100, 1.4100737571716309
773.4464419999999, 10, 125, 1.5119457244873047
778.27251, 10, 150, 1.5046055316925049
783.004331, 10, 175, 1.5473270416259766
787.8776439999999, 10, 200, 1.363502025604248
792.154156, 10, 225, 1.299045443534851
796.9291039999999, 10, 250, 1.5266233682632446
801.4573469999999, 10, 275, 1.3789467811584473
806.383572, 10, 300, 1.3967111110687256
811.656067, 10, 325, 1.5109134912490845
816.3173969999999, 10, 350, 1.4120818376541138
821.0012399999999, 10, 375, 1.4275293350219727
824.02315, 11, 0, 1.4817397594451904
828.825755, 11, 25, 1.6023857593536377
833.676033, 11, 50, 1.361173152923584
837.8238799999999, 11, 75, 1.7045068740844727
842.147755, 11, 100, 1.3361836671829224
847.258059, 11, 125, 1.507899284362793
851.861784, 11, 150, 1.4804767370224
856.423221, 11, 175, 1.5323126316070557
861.213342, 11, 200, 1.3269909620285034
866.299092, 11, 225, 1.290681004524231
870.549636, 11, 250, 1.453711748123169
875.217627, 11, 275, 1.2612838745117188
879.8951089999999, 11, 300, 1.3259835243225098
885.0671189999999, 11, 325, 1.570299506187439
889.5305179999999, 11, 350, 1.3690874576568604
894.127223, 11, 375, 1.3754669427871704
896.999748, 12, 0, 1.4517155885696411
901.684218, 12, 25, 1.629471778869629
906.5456049999999, 12, 50, 1.3329519033432007
910.888053, 12, 75, 1.6353529691696167
915.5359669999999, 12, 100, 1.3078868389129639
920.45268, 12, 125, 1.466148853302002
925.3242389999999, 12, 150, 1.4373633861541748
929.744704, 12, 175, 1.4705586433410645
934.21142, 12, 200, 1.3536300659179688
938.9176329999999, 12, 225, 1.2525920867919922
943.553948, 12, 250, 1.4414225816726685
947.924464, 12, 275, 1.2901055812835693
952.360139, 12, 300, 1.4068245887756348
957.743568, 12, 325, 1.5527935028076172
962.6173249999999, 12, 350, 1.3973605632781982
967.481176, 12, 375, 1.3547914028167725
970.525396, 13, 0, 1.3957891464233398
975.6153949999999, 13, 25, 1.6355929374694824
980.219518, 13, 50, 1.3027881383895874
984.763932, 13, 75, 1.5905965566635132
989.671741, 13, 100, 1.297070026397705
994.917523, 13, 125, 1.4362833499908447
999.4573369999999, 13, 150, 1.4057490825653076
1004.4381989999999, 13, 175, 1.4034134149551392
1009.0653189999999, 13, 200, 1.2747634649276733
1014.0288499999999, 13, 225, 1.3033945560455322
1018.8500369999999, 13, 250, 1.5369064807891846
1023.965216, 13, 275, 1.2508094310760498
1028.366205, 13, 300, 1.3623201847076416
1033.179545, 13, 325, 1.4961248636245728
1037.758054, 13, 350, 1.3311207294464111
1042.671858, 13, 375, 1.312164545059204
1045.5571989999999, 14, 0, 1.3962697982788086
1050.846387, 14, 25, 1.493493676185608
1055.37588, 14, 50, 1.2700986862182617
1059.9040579999998, 14, 75, 1.4465464353561401
1064.759085, 14, 100, 1.2835206985473633
1069.527174, 14, 125, 1.4409898519515991
1074.763632, 14, 150, 1.4662808179855347
1079.8853239999999, 14, 175, 1.3914716243743896
1084.726297, 14, 200, 1.2357587814331055
1089.701889, 14, 225, 1.181203842163086
1094.540688, 14, 250, 1.4324284791946411
1099.240407, 14, 275, 1.2472269535064697
1104.204892, 14, 300, 1.3560491800308228
1109.098876, 14, 325, 1.4802289009094238
1113.664523, 14, 350, 1.2623345851898193
1118.30227, 14, 375, 1.347630262374878
1121.50718, 15, 0, 1.3341436386108398
1126.504499, 15, 25, 1.4308993816375732
1131.263767, 15, 50, 1.303853154182434
1136.2479839999999, 15, 75, 1.5175367593765259
1141.1372489999999, 15, 100, 1.2448639869689941
1145.969179, 15, 125, 1.4145536422729492
1150.555943, 15, 150, 1.3762677907943726
1155.52886, 15, 175, 1.362318515777588
1160.1903009999999, 15, 200, 1.24788236618042
1165.234248, 15, 225, 1.1764506101608276
1169.585444, 15, 250, 1.4789713621139526
1174.28375, 15, 275, 1.2261139154434204
1179.300586, 15, 300, 1.3476420640945435
1183.9529579999999, 15, 325, 1.455491304397583
1188.585304, 15, 350, 1.3150004148483276
1193.321049, 15, 375, 1.289132833480835
1196.208546, 16, 0, 1.3480150699615479
1201.04447, 16, 25, 1.412650465965271
1206.090762, 16, 50, 1.2049479484558105
1210.462225, 16, 75, 1.4758613109588623
1214.825242, 16, 100, 1.2520800828933716
1220.280007, 16, 125, 1.3996663093566895
1224.933914, 16, 150, 1.3779613971710205
1229.733899, 16, 175, 1.3565776348114014
1234.451306, 16, 200, 1.224884271621704
1239.587067, 16, 225, 1.1552598476409912
1244.461355, 16, 250, 1.4131171703338623
1249.245078, 16, 275, 1.1910924911499023
1254.053348, 16, 300, 1.340254783630371
1259.212329, 16, 325, 1.3895108699798584
1264.124642, 16, 350, 1.2488336563110352
1269.1647269999999, 16, 375, 1.2880152463912964
1272.459016, 17, 0, 1.3164997100830078
1277.5331549999999, 17, 25, 1.366558313369751
1282.4986649999998, 17, 50, 1.218458652496338
1287.448729, 17, 75, 1.4219614267349243
1292.2121379999999, 17, 100, 1.2223330736160278
1297.391002, 17, 125, 1.414602518081665
1302.207599, 17, 150, 1.4097697734832764
1306.876347, 17, 175, 1.3156635761260986
1311.856354, 17, 200, 1.2360546588897705
1316.515973, 17, 225, 1.1619994640350342
1321.2587059999998, 17, 250, 1.4440748691558838
1325.765705, 17, 275, 1.1610748767852783
1330.237216, 17, 300, 1.315654993057251
1335.435826, 17, 325, 1.38499915599823
1340.2024649999998, 17, 350, 1.1970884799957275
1345.047225, 17, 375, 1.2253408432006836
1348.087075, 18, 0, 1.2598016262054443
1353.258639, 18, 25, 1.337005853652954
1358.11583, 18, 50, 1.168691873550415
1362.722945, 18, 75, 1.3511298894882202
1367.744099, 18, 100, 1.1759127378463745
1373.367197, 18, 125, 1.3929158449172974
1378.228406, 18, 150, 1.4157094955444336
1383.118213, 18, 175, 1.30747652053833
1388.3651439999999, 18, 200, 1.1829719543457031
1393.189482, 18, 225, 1.1287726163864136
1397.656675, 18, 250, 1.4631593227386475
1402.588202, 18, 275, 1.153944730758667
1407.552225, 18, 300, 1.2655987739562988
1412.49001, 18, 325, 1.286756992340088
1417.224422, 18, 350, 1.1814606189727783
1421.8728939999999, 18, 375, 1.1811186075210571
1424.74286, 19, 0, 1.3012982606887817
1430.053344, 19, 25, 1.3153059482574463
1435.054367, 19, 50, 1.1459624767303467
1439.9364719999999, 19, 75, 1.3943238258361816
1444.691809, 19, 100, 1.2162221670150757
1449.38749, 19, 125, 1.346998929977417
1454.382016, 19, 150, 1.3710193634033203
1459.318205, 19, 175, 1.2639610767364502
1463.651052, 19, 200, 1.1209275722503662
1468.87189, 19, 225, 1.0776681900024414
1473.879434, 19, 250, 1.4054780006408691
1478.5682259999999, 19, 275, 1.1600831747055054
1483.260932, 19, 300, 1.257326602935791
1488.2004769999999, 19, 325, 1.2332671880722046
1492.8872119999999, 19, 350, 1.215710163116455
1497.574191, 19, 375, 1.1705509424209595
1500.741661, 20, 0, 1.2218914031982422
1506.16321, 20, 25, 1.329178810119629
1511.1249699999998, 20, 50, 1.1618130207061768
1516.057959, 20, 75, 1.3371741771697998
1520.971214, 20, 100, 1.189761996269226
1526.381652, 20, 125, 1.3644917011260986
1531.482459, 20, 150, 1.4076142311096191
1535.817541, 20, 175, 1.2331820726394653
1539.776275, 20, 200, 1.1396716833114624
1545.162325, 20, 225, 1.1418564319610596
1549.922879, 20, 250, 1.3758740425109863
1554.594138, 20, 275, 1.1147902011871338
1559.099327, 20, 300, 1.275465965270996
1563.930067, 20, 325, 1.1557937860488892
1568.772756, 20, 350, 1.157698631286621
1573.9328189999999, 20, 375, 1.1516175270080566
1577.309812, 21, 0, 1.199164628982544
1582.219418, 21, 25, 1.3334861993789673
1587.051505, 21, 50, 1.1302895545959473
1591.78205, 21, 75, 1.4111112356185913
1596.641329, 21, 100, 1.1727890968322754
1601.8819859999999, 21, 125, 1.351309061050415
1606.7595119999999, 21, 150, 1.440659761428833
1611.379032, 21, 175, 1.2119663953781128
1615.887129, 21, 200, 1.1658600568771362
1620.7226739999999, 21, 225, 1.1195611953735352
1625.732732, 21, 250, 1.4288017749786377
1630.369586, 21, 275, 1.1321682929992676
1635.665626, 21, 300, 1.2667014598846436
1640.369866, 21, 325, 1.178232192993164
1645.3655099999999, 21, 350, 1.1665446758270264
1650.089554, 21, 375, 1.1418265104293823
1652.949081, 22, 0, 1.244450569152832
1657.496678, 22, 25, 1.2719796895980835
1661.919355, 22, 50, 1.1216481924057007
1666.674397, 22, 75, 1.349381685256958
1671.27894, 22, 100, 1.164407730102539
1676.498773, 22, 125, 1.3235924243927002
1680.833436, 22, 150, 1.3803819417953491
1685.555203, 22, 175, 1.1624501943588257
1690.464951, 22, 200, 1.1416778564453125
1695.482635, 22, 225, 1.1499050855636597
1700.3646939999999, 22, 250, 1.376387596130371
1705.148988, 22, 275, 1.0736424922943115
1710.1076779999999, 22, 300, 1.251810908317566
1715.087437, 22, 325, 1.1695842742919922
1720.125309, 22, 350, 1.1298719644546509
1724.8609059999999, 22, 375, 1.1501798629760742
1727.932485, 23, 0, 1.2101845741271973
1733.179972, 23, 25, 1.26149320602417
1737.410012, 23, 50, 1.0932292938232422
1742.3163, 23, 75, 1.3409883975982666
1746.967601, 23, 100, 1.1871099472045898
1751.943522, 23, 125, 1.276760458946228
1756.5725869999999, 23, 150, 1.4144563674926758
1761.195236, 23, 175, 1.2212333679199219
1766.216854, 23, 200, 1.0799124240875244
1771.3716279999999, 23, 225, 1.0668277740478516
1776.079584, 23, 250, 1.3359062671661377
1780.95388, 23, 275, 1.10750150680542
1785.92654, 23, 300, 1.1842048168182373
1790.893628, 23, 325, 1.1351157426834106
1795.26055, 23, 350, 1.1333985328674316
1800.062328, 23, 375, 1.1238303184509277
1803.168255, 24, 0, 1.1986112594604492
1808.230057, 24, 25, 1.182413101196289
1813.04666, 24, 50, 1.0928925275802612
1817.127112, 24, 75, 1.2948594093322754
1821.954356, 24, 100, 1.1346476078033447
1827.046701, 24, 125, 1.2712430953979492
1831.942908, 24, 150, 1.272646188735962
1836.4714589999999, 24, 175, 1.1796414852142334
1841.225455, 24, 200, 1.0983400344848633
1845.831344, 24, 225, 1.1836342811584473
1850.38368, 24, 250, 1.3770986795425415
1854.8747349999999, 24, 275, 1.0511950254440308
1859.1806609999999, 24, 300, 1.2996296882629395
1864.283743, 24, 325, 1.1897611618041992
1868.66371, 24, 350, 1.0757758617401123
1873.9812789999999, 24, 375, 1.107068657875061
1877.316147, 25, 0, 1.2027690410614014
1882.746442, 25, 25, 1.2065844535827637
1887.533681, 25, 50, 1.1039502620697021
1892.37222, 25, 75, 1.3052191734313965
1897.251956, 25, 100, 1.1110963821411133
1902.098121, 25, 125, 1.3195316791534424
1907.009481, 25, 150, 1.25679349899292
1911.816155, 25, 175, 1.1598796844482422
1916.572712, 25, 200, 1.0862104892730713
1921.561239, 25, 225, 1.0867364406585693
1926.344703, 25, 250, 1.3213368654251099
1931.2388919999999, 25, 275, 1.0060243606567383
1936.234867, 25, 300, 1.2147504091262817
1941.109323, 25, 325, 1.155510425567627
1945.6854289999999, 25, 350, 1.0712558031082153
1950.689815, 25, 375, 1.1104322671890259
1953.731255, 26, 0, 1.1899588108062744
1958.66201, 26, 25, 1.2281129360198975
1963.19576, 26, 50, 1.144891381263733
1968.112029, 26, 75, 1.2482516765594482
1973.5794429999999, 26, 100, 1.1509076356887817
1978.817578, 26, 125, 1.206902027130127
1983.630716, 26, 150, 1.214229941368103
1988.660368, 26, 175, 1.1565008163452148
1993.223856, 26, 200, 1.1128671169281006
1998.439893, 26, 225, 1.0839159488677979
2003.227613, 26, 250, 1.2908574342727661
2008.1748499999999, 26, 275, 1.004285216331482
2012.946158, 26, 300, 1.2209376096725464
2017.968743, 26, 325, 1.194388508796692
2022.957395, 26, 350, 1.07510244846344
2027.557295, 26, 375, 1.1385678052902222
2030.542076, 27, 0, 1.1713284254074097
2035.7835069999999, 27, 25, 1.2106609344482422
2040.5205879999999, 27, 50, 1.1311005353927612
2045.086351, 27, 75, 1.2936005592346191
2049.97797, 27, 100, 1.133150339126587
2054.9299379999998, 27, 125, 1.2128500938415527
2059.874349, 27, 150, 1.196210503578186
2064.780887, 27, 175, 1.1196812391281128
2069.7635139999998, 27, 200, 1.0640168190002441
2074.364025, 27, 225, 1.0552165508270264
2079.130772, 27, 250, 1.3668465614318848
2083.6174929999997, 27, 275, 1.0586661100387573
2088.257276, 27, 300, 1.1916208267211914
2093.592313, 27, 325, 1.135073184967041
2098.097345, 27, 350, 1.0467523336410522
2103.027011, 27, 375, 1.0577788352966309
2105.99307, 28, 0, 1.2203788757324219
2111.069593, 28, 25, 1.2217926979064941
2115.645547, 28, 50, 1.0319569110870361
2120.188924, 28, 75, 1.200571060180664
2124.871159, 28, 100, 1.1010494232177734
2129.971775, 28, 125, 1.2426652908325195
2134.66604, 28, 150, 1.2330479621887207
2139.526532, 28, 175, 1.1062021255493164
2144.277901, 28, 200, 1.0730576515197754
2149.341944, 28, 225, 1.058411955833435
2154.075244, 28, 250, 1.2242193222045898
2158.686454, 28, 275, 1.0250314474105835
2163.528858, 28, 300, 1.238373041152954
2168.430232, 28, 325, 1.1657037734985352
2173.162622, 28, 350, 1.0026438236236572
2177.921515, 28, 375, 1.0716850757598877
2181.357408, 29, 0, 1.141772985458374
2186.711519, 29, 25, 1.1768736839294434
2190.980743, 29, 50, 1.032077431678772
2195.8107529999997, 29, 75, 1.2043566703796387
2200.764268, 29, 100, 1.0813496112823486
2206.066458, 29, 125, 1.1528286933898926
2210.912318, 29, 150, 1.167788028717041
2215.57784, 29, 175, 1.0822242498397827
2220.297659, 29, 200, 1.093263864517212
2225.189016, 29, 225, 1.042812466621399
2230.02886, 29, 250, 1.254972219467163
2234.73394, 29, 275, 0.9948182106018066
2239.486958, 29, 300, 1.127192735671997
2244.360404, 29, 325, 1.0903844833374023
2249.041349, 29, 350, 0.9822790026664734
2253.594648, 29, 375, 1.140702486038208
