time, epoch, batch_idx, loss
0.2579330000000004, 0, 0, 6.915768623352051
4.480537999999999, 0, 25, 6.84179162979126
8.340785, 0, 50, 3.2523367404937744
12.165939000000002, 0, 75, 2.451789617538452
15.940783, 0, 100, 2.37793231010437
20.265981, 0, 125, 2.410435199737549
24.10414, 0, 150, 2.3949389457702637
27.840087, 0, 175, 2.3420708179473877
31.623436, 0, 200, 2.333280563354492
35.647904999999994, 0, 225, 2.3676159381866455
39.444083000000006, 0, 250, 2.338021993637085
43.210598000000005, 0, 275, 2.360022783279419
47.00951499999999, 0, 300, 2.3132028579711914
51.39236, 0, 325, 2.3050663471221924
55.133007000000006, 0, 350, 2.3747429847717285
58.907313, 0, 375, 2.2268686294555664
61.379194, 1, 0, 2.3116848468780518
65.674187, 1, 25, 2.3759498596191406
69.369028, 1, 50, 2.2752766609191895
73.089466, 1, 75, 2.3168044090270996
76.823184, 1, 100, 2.3007731437683105
80.699686, 1, 125, 2.2716362476348877
84.450754, 1, 150, 2.3134734630584717
88.206959, 1, 175, 2.2920353412628174
91.89213699999999, 1, 200, 2.226278781890869
96.197125, 1, 225, 2.3326172828674316
99.930166, 1, 250, 2.3085899353027344
103.685378, 1, 275, 2.3142356872558594
107.53487, 1, 300, 2.2782859802246094
111.780588, 1, 325, 2.227801561355591
115.55758399999999, 1, 350, 2.229245185852051
119.380577, 1, 375, 2.167757987976074
121.83155199999999, 2, 0, 2.193094253540039
125.87008, 2, 25, 2.262253761291504
129.715163, 2, 50, 2.217928171157837
133.608732, 2, 75, 2.276686191558838
137.45802799999998, 2, 100, 2.1581544876098633
141.76461, 2, 125, 2.1857686042785645
145.707112, 2, 150, 2.173496723175049
149.58601, 2, 175, 2.2212679386138916
153.419104, 2, 200, 2.0611934661865234
157.819175, 2, 225, 2.2283878326416016
161.614668, 2, 250, 2.222188949584961
165.536347, 2, 275, 2.189730644226074
169.38396699999998, 2, 300, 2.1159439086914062
173.59096499999998, 2, 325, 2.1071906089782715
177.456656, 2, 350, 2.0843586921691895
181.287694, 2, 375, 2.0690906047821045
183.74044899999998, 3, 0, 2.0528390407562256
188.0934, 3, 25, 2.1288492679595947
191.89831999999998, 3, 50, 2.078172206878662
195.690813, 3, 75, 2.311345338821411
199.498334, 3, 100, 2.044283151626587
203.819153, 3, 125, 2.1079602241516113
207.590528, 3, 150, 2.048344612121582
211.344699, 3, 175, 2.1810593605041504
215.100854, 3, 200, 1.9329016208648682
219.164288, 3, 225, 2.0751001834869385
223.157488, 3, 250, 2.0619781017303467
227.072662, 3, 275, 2.0285897254943848
230.947029, 3, 300, 2.07403302192688
235.27212699999998, 3, 325, 1.9187452793121338
239.026598, 3, 350, 2.0278337001800537
242.721006, 3, 375, 1.9834587574005127
245.13744, 4, 0, 1.8863905668258667
249.489341, 4, 25, 1.8614195585250854
253.240646, 4, 50, 1.8114745616912842
257.01993100000004, 4, 75, 1.956226110458374
260.8702, 4, 100, 1.8799724578857422
264.91568600000005, 4, 125, 1.8819668292999268
268.646177, 4, 150, 1.7795944213867188
272.37093500000003, 4, 175, 1.8759193420410156
276.157591, 4, 200, 1.7165627479553223
280.398365, 4, 225, 1.7199517488479614
284.15870800000005, 4, 250, 1.8497248888015747
287.935059, 4, 275, 1.8074828386306763
291.69914700000004, 4, 300, 1.865647315979004
295.97886900000003, 4, 325, 1.7759740352630615
299.773457, 4, 350, 1.8378742933273315
303.54001000000005, 4, 375, 1.8282711505889893
305.96587500000004, 5, 0, 1.7762067317962646
310.08130100000005, 5, 25, 1.8874273300170898
313.98250800000005, 5, 50, 1.7631542682647705
317.952741, 5, 75, 2.0431387424468994
321.75224000000003, 5, 100, 1.7910497188568115
325.99500800000004, 5, 125, 1.8831467628479004
329.783566, 5, 150, 1.7878344058990479
333.55381100000005, 5, 175, 1.8272868394851685
337.29879500000004, 5, 200, 1.6206644773483276
341.58729200000005, 5, 225, 1.6804916858673096
345.29647300000005, 5, 250, 1.8607823848724365
349.09486100000004, 5, 275, 1.72151517868042
352.915923, 5, 300, 1.7756351232528687
357.04518, 5, 325, 1.7294056415557861
360.851855, 5, 350, 1.9006001949310303
364.601022, 5, 375, 1.799964427947998
367.059338, 6, 0, 1.7790277004241943
371.44660500000003, 6, 25, 1.9055359363555908
375.20547600000003, 6, 50, 1.8107765913009644
378.951454, 6, 75, 2.129220724105835
382.80287100000004, 6, 100, 1.7761024236679077
387.143902, 6, 125, 1.886767864227295
390.864769, 6, 150, 1.753989815711975
394.627111, 6, 175, 1.7936897277832031
398.382498, 6, 200, 1.6556284427642822
402.465819, 6, 225, 1.7547779083251953
406.12239200000005, 6, 250, 1.831055998802185
409.877567, 6, 275, 1.7288541793823242
413.61262300000004, 6, 300, 1.8353264331817627
417.916394, 6, 325, 1.726119041442871
421.70602, 6, 350, 1.9218451976776123
425.481709, 6, 375, 1.7758445739746094
427.915521, 7, 0, 1.7770843505859375
432.172655, 7, 25, 1.8818814754486084
435.947125, 7, 50, 1.7837355136871338
439.695759, 7, 75, 2.1445682048797607
443.46641700000004, 7, 100, 1.714943289756775
447.389855, 7, 125, 1.8629419803619385
451.17485700000003, 7, 150, 1.7324576377868652
454.910415, 7, 175, 1.8040132522583008
458.657009, 7, 200, 1.6607170104980469
462.92120400000005, 7, 225, 1.8444130420684814
466.721397, 7, 250, 1.8256292343139648
470.510603, 7, 275, 1.6344411373138428
474.31271300000003, 7, 300, 1.7886137962341309
478.615534, 7, 325, 1.6761176586151123
482.35593400000005, 7, 350, 1.9602364301681519
486.078388, 7, 375, 1.761223316192627
488.556933, 8, 0, 1.8189936876296997
492.57718800000004, 8, 25, 1.9139249324798584
496.31551900000005, 8, 50, 1.7924761772155762
500.063309, 8, 75, 2.137521743774414
503.82506600000005, 8, 100, 1.6798855066299438
508.121478, 8, 125, 1.8131699562072754
511.89353800000004, 8, 150, 1.6983853578567505
515.702445, 8, 175, 1.8479206562042236
519.4439080000001, 8, 200, 1.59336256980896
523.740857, 8, 225, 1.8236815929412842
527.437503, 8, 250, 1.7517237663269043
531.3184610000001, 8, 275, 1.6514065265655518
535.331954, 8, 300, 1.765899896621704
539.558973, 8, 325, 1.6518816947937012
543.320542, 8, 350, 1.9790958166122437
547.1529820000001, 8, 375, 1.7667793035507202
549.573669, 9, 0, 1.6175386905670166
553.8546180000001, 9, 25, 1.7577906847000122
557.5924590000001, 9, 50, 1.5981755256652832
561.3642560000001, 9, 75, 1.8150216341018677
565.11428, 9, 100, 1.5739710330963135
569.413433, 9, 125, 1.7378184795379639
573.150763, 9, 150, 1.4974064826965332
577.4589540000001, 9, 175, 1.6405003070831299
581.272727, 9, 200, 1.5055201053619385
585.3519580000001, 9, 225, 1.5185697078704834
589.182992, 9, 250, 1.6349047422409058
593.034245, 9, 275, 1.4562532901763916
596.787829, 9, 300, 1.6365481615066528
600.849882, 9, 325, 1.5150766372680664
604.678005, 9, 350, 1.7393404245376587
608.498027, 9, 375, 1.6312260627746582
610.920923, 10, 0, 1.5727438926696777
615.256111, 10, 25, 1.7573518753051758
619.106805, 10, 50, 1.5146255493164062
623.101611, 10, 75, 1.899702787399292
626.89398, 10, 100, 1.4628262519836426
630.900514, 10, 125, 1.666386604309082
634.704018, 10, 150, 1.4976530075073242
638.5265420000001, 10, 175, 1.610656499862671
642.253253, 10, 200, 1.451047420501709
646.5649000000001, 10, 225, 1.5035438537597656
650.3576770000001, 10, 250, 1.603053092956543
654.167715, 10, 275, 1.4865508079528809
657.92958, 10, 300, 1.5698916912078857
662.142032, 10, 325, 1.4720792770385742
665.860301, 10, 350, 1.6952675580978394
669.626016, 10, 375, 1.5365617275238037
672.0407210000001, 11, 0, 1.5669339895248413
675.915013, 11, 25, 1.7547123432159424
679.688649, 11, 50, 1.5418126583099365
683.423985, 11, 75, 1.9973052740097046
687.2274590000001, 11, 100, 1.4472637176513672
691.299981, 11, 125, 1.6726863384246826
695.05141, 11, 150, 1.569610595703125
698.795741, 11, 175, 1.6051826477050781
702.5617110000001, 11, 200, 1.511637568473816
706.909999, 11, 225, 1.6272306442260742
710.619899, 11, 250, 1.5829416513442993
714.33493, 11, 275, 1.457113265991211
718.1174970000001, 11, 300, 1.6182291507720947
722.1748240000001, 11, 325, 1.4943997859954834
725.8731310000001, 11, 350, 1.7369065284729004
729.613195, 11, 375, 1.617027759552002
731.9675110000001, 12, 0, 1.5969879627227783
735.990688, 12, 25, 1.7916017770767212
739.779931, 12, 50, 1.5842907428741455
743.546421, 12, 75, 2.041381359100342
747.287105, 12, 100, 1.498706579208374
751.605349, 12, 125, 1.7252311706542969
755.416971, 12, 150, 1.5484002828598022
759.131251, 12, 175, 1.5859763622283936
762.921503, 12, 200, 1.5656441450119019
766.97738, 12, 225, 1.7131664752960205
770.6328960000001, 12, 250, 1.6160087585449219
774.37314, 12, 275, 1.4834022521972656
778.152267, 12, 300, 1.676798939704895
782.387935, 12, 325, 1.5306904315948486
786.089278, 12, 350, 1.7697815895080566
789.7742390000001, 12, 375, 1.560271978378296
792.215487, 13, 0, 1.713722825050354
796.3618690000001, 13, 25, 1.812242031097412
800.053937, 13, 50, 1.6550754308700562
803.745136, 13, 75, 2.049015998840332
807.502431, 13, 100, 1.4634220600128174
811.5012320000001, 13, 125, 1.7693302631378174
815.153257, 13, 150, 1.5189495086669922
818.925803, 13, 175, 1.6924550533294678
822.614809, 13, 200, 1.5052624940872192
826.923522, 13, 225, 1.73091459274292
830.671278, 13, 250, 1.5801719427108765
834.451845, 13, 275, 1.448211431503296
838.3094560000001, 13, 300, 1.7561976909637451
842.763855, 13, 325, 1.4821007251739502
846.6737370000001, 13, 350, 1.7440104484558105
850.622702, 13, 375, 1.6030981540679932
853.037427, 14, 0, 1.5045647621154785
857.068271, 14, 25, 1.6413147449493408
860.8710580000001, 14, 50, 1.4202919006347656
864.6709880000001, 14, 75, 1.6830474138259888
868.440498, 14, 100, 1.3664486408233643
872.746655, 14, 125, 1.6034412384033203
876.5539200000001, 14, 150, 1.4112874269485474
880.402435, 14, 175, 1.4816863536834717
884.207571, 14, 200, 1.3622314929962158
888.559564, 14, 225, 1.3553614616394043
892.3441320000001, 14, 250, 1.441901445388794
896.126138, 14, 275, 1.2905993461608887
899.893508, 14, 300, 1.496012806892395
903.93722, 14, 325, 1.4071838855743408
907.690662, 14, 350, 1.5474029779434204
911.466802, 14, 375, 1.4116449356079102
913.814131, 15, 0, 1.4565932750701904
918.055978, 15, 25, 1.625063419342041
921.768462, 15, 50, 1.4092493057250977
925.672367, 15, 75, 1.7079716920852661
929.72913, 15, 100, 1.326175570487976
934.0379780000001, 15, 125, 1.5526409149169922
937.848246, 15, 150, 1.404909610748291
941.585359, 15, 175, 1.4582536220550537
945.394011, 15, 200, 1.3634557723999023
949.449485, 15, 225, 1.3657170534133911
953.17277, 15, 250, 1.3885698318481445
956.8812290000001, 15, 275, 1.3060541152954102
960.636392, 15, 300, 1.458834171295166
964.8991980000001, 15, 325, 1.3510947227478027
968.666696, 15, 350, 1.544188141822815
972.4105410000001, 15, 375, 1.4383352994918823
974.787632, 16, 0, 1.4926265478134155
979.109399, 16, 25, 1.6334182024002075
982.908988, 16, 50, 1.4126265048980713
986.685306, 16, 75, 1.8701167106628418
990.468556, 16, 100, 1.34892737865448
994.529127, 16, 125, 1.5471904277801514
998.276238, 16, 150, 1.4502661228179932
1002.031872, 16, 175, 1.5037572383880615
1005.752382, 16, 200, 1.4460793733596802
1010.0916100000001, 16, 225, 1.4002139568328857
1013.864766, 16, 250, 1.4216241836547852
1017.672869, 16, 275, 1.261908769607544
1021.4856890000001, 16, 300, 1.5041942596435547
1025.799334, 16, 325, 1.4182064533233643
1029.5861320000001, 16, 350, 1.5583908557891846
1033.38068, 16, 375, 1.4788618087768555
1035.742261, 17, 0, 1.4826537370681763
1039.794804, 17, 25, 1.7616883516311646
1043.489092, 17, 50, 1.4628479480743408
1047.2668, 17, 75, 1.9239096641540527
1051.048046, 17, 100, 1.308332920074463
1055.2935340000001, 17, 125, 1.584712266921997
1059.084565, 17, 150, 1.4395173788070679
1062.809807, 17, 175, 1.5174438953399658
1066.535492, 17, 200, 1.5268634557724
1070.927695, 17, 225, 1.4994659423828125
1074.783807, 17, 250, 1.4922235012054443
1078.5758230000001, 17, 275, 1.3401145935058594
1082.310138, 17, 300, 1.5802602767944336
1086.304145, 17, 325, 1.3810782432556152
1090.052993, 17, 350, 1.6047117710113525
1093.769183, 17, 375, 1.5158514976501465
1096.219899, 18, 0, 1.611169457435608
1100.470437, 18, 25, 1.6713802814483643
1104.247259, 18, 50, 1.5165653228759766
1108.01011, 18, 75, 1.9095009565353394
1111.76785, 18, 100, 1.2715787887573242
1115.834347, 18, 125, 1.650341272354126
1119.628676, 18, 150, 1.4960334300994873
1123.258311, 18, 175, 1.5570173263549805
1127.00334, 18, 200, 1.4653947353363037
1131.066856, 18, 225, 1.5043339729309082
1134.818917, 18, 250, 1.5247721672058105
1138.597648, 18, 275, 1.3290081024169922
1142.337111, 18, 300, 1.6400237083435059
1146.6058150000001, 18, 325, 1.4420770406723022
1150.3293840000001, 18, 350, 1.5450117588043213
1154.284569, 18, 375, 1.5008375644683838
1156.762084, 19, 0, 1.3668193817138672
1161.234997, 19, 25, 1.6014747619628906
1164.909506, 19, 50, 1.3143978118896484
1168.6667850000001, 19, 75, 1.5928155183792114
1172.421405, 19, 100, 1.270043134689331
1176.3800840000001, 19, 125, 1.5031307935714722
1180.101391, 19, 150, 1.311156988143921
1183.930285, 19, 175, 1.4251748323440552
1187.772953, 19, 200, 1.3401074409484863
1192.108835, 19, 225, 1.211500883102417
1195.886187, 19, 250, 1.326014518737793
1199.691832, 19, 275, 1.1981499195098877
1203.443461, 19, 300, 1.3568885326385498
1207.790891, 19, 325, 1.3239021301269531
1211.539888, 19, 350, 1.4049510955810547
1215.400793, 19, 375, 1.32041335105896
1217.82334, 20, 0, 1.3370590209960938
1221.958734, 20, 25, 1.5343571901321411
1225.72772, 20, 50, 1.3036035299301147
1229.447558, 20, 75, 1.652339220046997
1233.474228, 20, 100, 1.237494707107544
1237.960975, 20, 125, 1.4480335712432861
1241.731937, 20, 150, 1.3471518754959106
1245.517258, 20, 175, 1.405914068222046
1249.340273, 20, 200, 1.311550259590149
1253.719658, 20, 225, 1.2624977827072144
1257.504022, 20, 250, 1.3373874425888062
1261.256221, 20, 275, 1.1976165771484375
1264.933777, 20, 300, 1.3921141624450684
1268.945723, 20, 325, 1.2895344495773315
1272.7251880000001, 20, 350, 1.403849720954895
1276.4942350000001, 20, 375, 1.4054453372955322
1278.860475, 21, 0, 1.3665249347686768
1283.221365, 21, 25, 1.5936295986175537
1286.971082, 21, 50, 1.3920480012893677
1290.7622860000001, 21, 75, 1.7448588609695435
1294.599487, 21, 100, 1.2314019203186035
1298.870715, 21, 125, 1.4798505306243896
1302.634047, 21, 150, 1.4071427583694458
1306.359045, 21, 175, 1.4631688594818115
1310.1619190000001, 21, 200, 1.348421335220337
1314.2489150000001, 21, 225, 1.278135061264038
1317.997681, 21, 250, 1.3022470474243164
1321.734862, 21, 275, 1.2030436992645264
1325.476216, 21, 300, 1.411046028137207
1329.774883, 21, 325, 1.3066357374191284
1333.525145, 21, 350, 1.4484338760375977
1337.309604, 21, 375, 1.4410431385040283
1339.733833, 22, 0, 1.4037806987762451
1343.9820730000001, 22, 25, 1.5980076789855957
1347.770045, 22, 50, 1.428520679473877
1351.45817, 22, 75, 1.8362846374511719
1355.187206, 22, 100, 1.2647712230682373
1359.236638, 22, 125, 1.4994146823883057
1363.013395, 22, 150, 1.4402539730072021
1366.8006990000001, 22, 175, 1.4771209955215454
1370.591453, 22, 200, 1.3493047952651978
1374.872271, 22, 225, 1.3507356643676758
1378.610631, 22, 250, 1.4111478328704834
1382.406088, 22, 275, 1.2173351049423218
1386.190787, 22, 300, 1.4141285419464111
1390.359997, 22, 325, 1.3247809410095215
1394.116718, 22, 350, 1.478687047958374
1397.9113750000001, 22, 375, 1.430191993713379
1400.382341, 23, 0, 1.4350242614746094
1404.412894, 23, 25, 1.6419528722763062
1408.116771, 23, 50, 1.5184937715530396
1411.811905, 23, 75, 1.7615044116973877
1415.54925, 23, 100, 1.2629987001419067
1419.7191, 23, 125, 1.4649769067764282
1423.510114, 23, 150, 1.4110808372497559
1427.244406, 23, 175, 1.4975980520248413
1430.9615450000001, 23, 200, 1.3760192394256592
1435.2547, 23, 225, 1.3562153577804565
1439.028334, 23, 250, 1.4018981456756592
1442.830663, 23, 275, 1.2486188411712646
1446.598364, 23, 300, 1.4237366914749146
1450.615108, 23, 325, 1.3431028127670288
1454.3896770000001, 23, 350, 1.3994807004928589
1458.21149, 23, 375, 1.4260728359222412
1460.625941, 24, 0, 1.282522439956665
1465.104811, 24, 25, 1.5027551651000977
1469.040434, 24, 50, 1.2906222343444824
1472.915267, 24, 75, 1.5486960411071777
1476.611229, 24, 100, 1.160959243774414
1481.000755, 24, 125, 1.356648564338684
1484.81133, 24, 150, 1.330345630645752
1488.635287, 24, 175, 1.340299129486084
1492.434385, 24, 200, 1.2690329551696777
1496.540528, 24, 225, 1.1935510635375977
1500.225437, 24, 250, 1.2548034191131592
1503.974201, 24, 275, 1.1403796672821045
1507.747552, 24, 300, 1.28977632522583
1511.89886, 24, 325, 1.2202776670455933
1515.712004, 24, 350, 1.2591789960861206
1519.544048, 24, 375, 1.3060581684112549
1521.938459, 25, 0, 1.2466187477111816
1526.2259020000001, 25, 25, 1.5277776718139648
1529.975262, 25, 50, 1.2848541736602783
1533.763612, 25, 75, 1.5435011386871338
1537.642723, 25, 100, 1.1441954374313354
1541.899412, 25, 125, 1.3941317796707153
1545.638313, 25, 150, 1.2910102605819702
1549.455976, 25, 175, 1.3402637243270874
1553.245404, 25, 200, 1.20884108543396
1557.690664, 25, 225, 1.1709667444229126
1561.506285, 25, 250, 1.2410051822662354
1565.252533, 25, 275, 1.1004143953323364
1569.065453, 25, 300, 1.2319408655166626
1573.420309, 25, 325, 1.228428602218628
1577.18213, 25, 350, 1.3289432525634766
1580.9288980000001, 25, 375, 1.2986266613006592
1583.2910570000001, 26, 0, 1.320584774017334
1587.348213, 26, 25, 1.4866406917572021
1591.111406, 26, 50, 1.3059052228927612
1594.886968, 26, 75, 1.673274040222168
1598.628257, 26, 100, 1.2095346450805664
1603.037192, 26, 125, 1.344508409500122
1606.847226, 26, 150, 1.305964469909668
1610.675974, 26, 175, 1.359151005744934
1614.465189, 26, 200, 1.2915327548980713
1618.846844, 26, 225, 1.2810728549957275
1622.669327, 26, 250, 1.2188334465026855
1626.473585, 26, 275, 1.0879513025283813
1630.313615, 26, 300, 1.3106915950775146
1634.438582, 26, 325, 1.2694065570831299
1638.25136, 26, 350, 1.3327730894088745
1642.0245790000001, 26, 375, 1.3177568912506104
1644.455845, 27, 0, 1.3187987804412842
1648.765828, 27, 25, 1.5458581447601318
1652.588991, 27, 50, 1.3476442098617554
1656.424326, 27, 75, 1.7147326469421387
1660.221863, 27, 100, 1.2061538696289062
1664.598488, 27, 125, 1.3890869617462158
1668.389714, 27, 150, 1.3882880210876465
1672.213735, 27, 175, 1.4478309154510498
1676.006977, 27, 200, 1.3276491165161133
1679.990145, 27, 225, 1.2746264934539795
1683.758955, 27, 250, 1.3116190433502197
1687.569331, 27, 275, 1.1603195667266846
1691.252007, 27, 300, 1.4058136940002441
1695.547636, 27, 325, 1.251080870628357
1699.295448, 27, 350, 1.3401966094970703
1702.960667, 27, 375, 1.3581833839416504
1705.368517, 28, 0, 1.3308229446411133
1709.716278, 28, 25, 1.4482243061065674
1713.44668, 28, 50, 1.5504612922668457
1717.235344, 28, 75, 1.7254631519317627
1720.965623, 28, 100, 1.2555537223815918
1724.981356, 28, 125, 1.3879525661468506
1728.785771, 28, 150, 1.3838965892791748
1732.477161, 28, 175, 1.442169427871704
1736.262901, 28, 200, 1.3290584087371826
1740.4166930000001, 28, 225, 1.391876459121704
1744.155829, 28, 250, 1.2775319814682007
1747.98507, 28, 275, 1.2107787132263184
1751.790424, 28, 300, 1.402688980102539
1755.765158, 28, 325, 1.2340774536132812
1759.591295, 28, 350, 1.3618078231811523
1763.447066, 28, 375, 1.3523211479187012
1765.832644, 29, 0, 1.204452395439148
1769.917014, 29, 25, 1.432690143585205
1773.74908, 29, 50, 1.320373296737671
1777.684083, 29, 75, 1.4186155796051025
1781.702916, 29, 100, 1.100545883178711
1786.000562, 29, 125, 1.2513583898544312
1789.797436, 29, 150, 1.2506825923919678
1793.57905, 29, 175, 1.2413350343704224
1797.382508, 29, 200, 1.184166669845581
1801.635057, 29, 225, 1.1154026985168457
1805.4397450000001, 29, 250, 1.1348986625671387
1809.255246, 29, 275, 1.0647046566009521
1813.094824, 29, 300, 1.1727741956710815
1817.189425, 29, 325, 1.1725969314575195
1820.966262, 29, 350, 1.1981498003005981
1824.738263, 29, 375, 1.2001240253448486
