time, epoch, batch_idx, loss
0.2807089999999999, 0, 0, 6.908607006072998
4.836666999999999, 0, 25, 3.129946231842041
8.845831, 0, 50, 2.9363369941711426
13.012197999999998, 0, 75, 2.9094290733337402
17.065333, 0, 100, 2.892019271850586
21.847604999999998, 0, 125, 2.7485251426696777
26.111451, 0, 150, 3.625096321105957
30.31038, 0, 175, 2.966392993927002
34.441059, 0, 200, 2.947723388671875
38.908977, 0, 225, 2.8367936611175537
43.051354, 0, 250, 2.7233715057373047
47.22003, 0, 275, 3.170865058898926
51.443568000000006, 0, 300, 2.942838668823242
55.920973000000004, 0, 325, 2.7961535453796387
60.156819000000006, 0, 350, 2.8272547721862793
64.291929, 0, 375, 3.0920488834381104
67.028548, 1, 0, 2.8818063735961914
71.713842, 1, 25, 2.5677735805511475
75.741072, 1, 50, 2.503591537475586
79.963157, 1, 75, 2.6197381019592285
84.18157099999999, 1, 100, 2.6330275535583496
88.593757, 1, 125, 2.4931890964508057
92.775965, 1, 150, 3.0626778602600098
96.856241, 1, 175, 2.7677528858184814
100.957302, 1, 200, 2.6033201217651367
105.689647, 1, 225, 2.4700541496276855
109.934473, 1, 250, 2.5298638343811035
114.075716, 1, 275, 2.9505114555358887
118.22442199999999, 1, 300, 2.703531265258789
122.80787899999999, 1, 325, 2.761216640472412
127.02023499999999, 1, 350, 2.6239051818847656
131.276715, 1, 375, 2.912523031234741
134.004177, 2, 0, 2.6568193435668945
138.602667, 2, 25, 2.5885090827941895
142.843106, 2, 50, 2.3693020343780518
147.17398599999999, 2, 75, 2.5669171810150146
151.500821, 2, 100, 2.493607521057129
156.038482, 2, 125, 2.2943668365478516
160.417527, 2, 150, 2.923898935317993
164.92239899999998, 2, 175, 2.5621161460876465
169.294515, 2, 200, 2.471642017364502
174.075702, 2, 225, 2.3705782890319824
178.38081, 2, 250, 2.3596179485321045
182.639184, 2, 275, 2.8357863426208496
186.896628, 2, 300, 2.5797204971313477
191.38825699999998, 2, 325, 2.423093795776367
195.6051, 2, 350, 2.581775426864624
199.863825, 2, 375, 2.7971713542938232
202.548629, 3, 0, 2.6870226860046387
207.384257, 3, 25, 2.4361891746520996
211.592178, 3, 50, 2.2016773223876953
215.826032, 3, 75, 2.455432415008545
220.080782, 3, 100, 2.212860584259033
224.669864, 3, 125, 2.103182792663574
228.920907, 3, 150, 2.9664812088012695
233.111429, 3, 175, 2.4783735275268555
237.279654, 3, 200, 2.503143548965454
241.832943, 3, 225, 2.2450802326202393
245.948949, 3, 250, 2.358609676361084
250.20484199999999, 3, 275, 2.6759612560272217
254.383528, 3, 300, 2.4353156089782715
258.976685, 3, 325, 2.313469171524048
263.404557, 3, 350, 2.563990592956543
267.822385, 3, 375, 2.704237461090088
270.576679, 4, 0, 2.491227388381958
275.375787, 4, 25, 2.3391623497009277
279.606886, 4, 50, 2.0969765186309814
283.811502, 4, 75, 2.3908252716064453
288.056142, 4, 100, 2.275075912475586
292.579706, 4, 125, 2.1181633472442627
296.827428, 4, 150, 2.9953396320343018
301.138132, 4, 175, 2.3702609539031982
305.371969, 4, 200, 2.49399995803833
310.161003, 4, 225, 2.2349629402160645
314.385153, 4, 250, 2.2063660621643066
318.678085, 4, 275, 2.6997172832489014
322.878986, 4, 300, 2.4361891746520996
327.657873, 4, 325, 2.2663276195526123
331.919742, 4, 350, 2.4599666595458984
336.177368, 4, 375, 2.7251954078674316
338.951553, 5, 0, 2.4769561290740967
343.28334, 5, 25, 2.3564226627349854
347.539771, 5, 50, 2.0457048416137695
351.79690899999997, 5, 75, 2.4824490547180176
356.110427, 5, 100, 2.073357343673706
360.888466, 5, 125, 2.0890040397644043
365.107155, 5, 150, 2.853309154510498
369.357412, 5, 175, 2.2829933166503906
373.557228, 5, 200, 2.2277112007141113
378.132759, 5, 225, 2.0750248432159424
382.461255, 5, 250, 2.0625107288360596
386.78566, 5, 275, 2.5806798934936523
391.099244, 5, 300, 2.312549114227295
395.645499, 5, 325, 2.1880950927734375
399.914359, 5, 350, 2.2665927410125732
404.019453, 5, 375, 2.6786446571350098
406.741673, 6, 0, 2.4671308994293213
411.288382, 6, 25, 2.1794371604919434
415.509158, 6, 50, 2.0024218559265137
419.74377, 6, 75, 2.2588515281677246
423.904833, 6, 100, 1.9657258987426758
428.725968, 6, 125, 1.9988760948181152
432.973561, 6, 150, 2.5695338249206543
437.277724, 6, 175, 2.2358450889587402
441.516694, 6, 200, 2.2499570846557617
446.02626, 6, 225, 2.0576953887939453
450.223736, 6, 250, 2.111988067626953
454.440685, 6, 275, 2.5689074993133545
458.608806, 6, 300, 2.1251158714294434
463.349576, 6, 325, 2.074077844619751
467.674586, 6, 350, 2.2006173133850098
471.958095, 6, 375, 2.5583391189575195
474.863378, 7, 0, 2.358215570449829
479.732062, 7, 25, 2.2001378536224365
483.884287, 7, 50, 1.920576810836792
487.99967499999997, 7, 75, 2.2629246711730957
492.186039, 7, 100, 2.0301647186279297
496.712006, 7, 125, 1.8510780334472656
500.982346, 7, 150, 2.635590076446533
505.226204, 7, 175, 2.226926803588867
509.550878, 7, 200, 2.103813648223877
514.016734, 7, 225, 1.953671932220459
518.256073, 7, 250, 1.9736337661743164
522.54876, 7, 275, 2.4012088775634766
526.801824, 7, 300, 2.084935188293457
531.5877839999999, 7, 325, 2.096935987472534
535.821014, 7, 350, 2.126387596130371
540.082997, 7, 375, 2.58111572265625
542.821414, 8, 0, 2.2244300842285156
547.276834, 8, 25, 2.226257085800171
551.497432, 8, 50, 1.784150242805481
555.752989, 8, 75, 2.232515335083008
559.970157, 8, 100, 1.8716425895690918
564.635794, 8, 125, 1.937000036239624
569.254919, 8, 150, 2.595043420791626
573.637175, 8, 175, 2.0116281509399414
577.810448, 8, 200, 2.1017026901245117
582.464879, 8, 225, 1.943406343460083
586.714184, 8, 250, 1.9179069995880127
590.987411, 8, 275, 2.193692684173584
595.275266, 8, 300, 2.1039974689483643
599.826171, 8, 325, 2.126926898956299
604.049598, 8, 350, 2.1032283306121826
608.253824, 8, 375, 2.4481379985809326
610.954731, 9, 0, 2.2847819328308105
615.463869, 9, 25, 2.041295051574707
619.666334, 9, 50, 1.7820262908935547
623.819304, 9, 75, 2.0913712978363037
628.081668, 9, 100, 1.9243208169937134
632.69463, 9, 125, 1.9356006383895874
636.966922, 9, 150, 2.665013074874878
641.276494, 9, 175, 1.9541627168655396
645.439256, 9, 200, 2.1361536979675293
649.954715, 9, 225, 1.910384178161621
654.144908, 9, 250, 1.9582300186157227
658.401506, 9, 275, 2.2452759742736816
662.694325, 9, 300, 2.1132030487060547
667.27997, 9, 325, 2.1425039768218994
671.526312, 9, 350, 1.9882104396820068
675.813434, 9, 375, 2.5549964904785156
678.518673, 10, 0, 2.2106103897094727
683.126288, 10, 25, 1.9866600036621094
687.376497, 10, 50, 1.7680790424346924
691.613545, 10, 75, 2.184910535812378
695.808632, 10, 100, 1.933201789855957
700.326586, 10, 125, 1.7740366458892822
704.531081, 10, 150, 2.5204944610595703
708.710394, 10, 175, 2.0008904933929443
713.044555, 10, 200, 2.0961036682128906
717.920673, 10, 225, 1.8320763111114502
722.149788, 10, 250, 1.8354980945587158
726.318883, 10, 275, 2.245906352996826
730.509716, 10, 300, 2.0730063915252686
735.139294, 10, 325, 1.9800083637237549
739.397962, 10, 350, 2.0231573581695557
743.680803, 10, 375, 2.438004970550537
746.422485, 11, 0, 2.24527645111084
750.793455, 11, 25, 1.9903204441070557
754.99257, 11, 50, 1.791370153427124
759.1764469999999, 11, 75, 2.0205390453338623
763.379743, 11, 100, 1.8545600175857544
768.169238, 11, 125, 1.7982289791107178
772.420754, 11, 150, 2.4819135665893555
776.737087, 11, 175, 1.8801618814468384
781.293874, 11, 200, 2.0444893836975098
786.339287, 11, 225, 1.8874247074127197
790.673766, 11, 250, 1.9508227109909058
794.911474, 11, 275, 2.0824673175811768
799.163262, 11, 300, 2.005093812942505
803.792154, 11, 325, 2.0548458099365234
808.036563, 11, 350, 2.0985546112060547
812.314373, 11, 375, 2.3301405906677246
815.072818, 12, 0, 2.308473587036133
819.801513, 12, 25, 1.8885297775268555
823.9848479999999, 12, 50, 1.750182867050171
828.245898, 12, 75, 1.9940605163574219
832.540036, 12, 100, 1.7201850414276123
837.392343, 12, 125, 1.7737858295440674
841.688777, 12, 150, 2.3892059326171875
845.999948, 12, 175, 1.9395029544830322
850.197951, 12, 200, 1.8965603113174438
854.760145, 12, 225, 1.7455421686172485
858.92697, 12, 250, 1.840610146522522
863.137859, 12, 275, 2.0837621688842773
867.442447, 12, 300, 2.0095691680908203
872.308804, 12, 325, 1.9742956161499023
876.899664, 12, 350, 1.865608811378479
881.090552, 12, 375, 2.2623629570007324
883.841107, 13, 0, 2.0815958976745605
888.754604, 13, 25, 1.8703571557998657
893.050755, 13, 50, 1.747916340827942
897.294187, 13, 75, 1.9750776290893555
901.554544, 13, 100, 1.6434574127197266
906.1043999999999, 13, 125, 1.5931475162506104
910.365364, 13, 150, 2.5376312732696533
914.666864, 13, 175, 1.954945683479309
918.911598, 13, 200, 1.940469741821289
923.798769, 13, 225, 1.713280200958252
928.1673059999999, 13, 250, 1.8331278562545776
932.432902, 13, 275, 2.0740609169006348
936.725822, 13, 300, 2.106050729751587
941.615449, 13, 325, 2.009058952331543
945.911435, 13, 350, 1.9866443872451782
950.274968, 13, 375, 2.27435564994812
953.03485, 14, 0, 2.039677143096924
957.652154, 14, 25, 1.7837672233581543
961.917113, 14, 50, 1.6444848775863647
966.178233, 14, 75, 2.0308709144592285
970.458535, 14, 100, 1.6798338890075684
975.24518, 14, 125, 1.7131195068359375
979.512923, 14, 150, 2.3148350715637207
983.786898, 14, 175, 1.98089599609375
987.9844, 14, 200, 1.9666900634765625
992.638239, 14, 225, 1.7041994333267212
996.838003, 14, 250, 1.7546495199203491
1001.176399, 14, 275, 2.066594123840332
1005.390448, 14, 300, 1.9055395126342773
1009.736586, 14, 325, 1.9192376136779785
1013.930776, 14, 350, 1.9803798198699951
1018.1923300000001, 14, 375, 2.184201717376709
1020.9215449999999, 15, 0, 2.0911030769348145
1025.628176, 15, 25, 1.8116682767868042
1029.722136, 15, 50, 1.6241194009780884
1033.960565, 15, 75, 1.9733039140701294
1038.190739, 15, 100, 1.6000487804412842
1042.649258, 15, 125, 1.7363632917404175
1046.957411, 15, 150, 2.2315402030944824
1051.08585, 15, 175, 1.8726990222930908
1055.348062, 15, 200, 1.8816173076629639
1059.747744, 15, 225, 1.6322861909866333
1063.952447, 15, 250, 1.7275316715240479
1068.178589, 15, 275, 1.9847207069396973
1072.449765, 15, 300, 1.9323451519012451
1077.312566, 15, 325, 1.9283537864685059
1081.559722, 15, 350, 1.890160083770752
1085.883067, 15, 375, 2.291897773742676
1088.671001, 16, 0, 2.0485215187072754
1093.747316, 16, 25, 1.8475337028503418
1098.098597, 16, 50, 1.7020372152328491
1102.366939, 16, 75, 1.9140033721923828
1106.682545, 16, 100, 1.6088190078735352
1111.185239, 16, 125, 1.5596801042556763
1115.45976, 16, 150, 2.236773729324341
1119.718844, 16, 175, 1.8446794748306274
1124.082666, 16, 200, 1.8141586780548096
1128.905514, 16, 225, 1.6601753234863281
1133.155451, 16, 250, 1.7822431325912476
1137.371523, 16, 275, 1.9846426248550415
1141.577494, 16, 300, 1.9194302558898926
1146.321378, 16, 325, 1.8819434642791748
1150.642746, 16, 350, 1.8690495491027832
1154.891312, 16, 375, 2.1154396533966064
1157.672725, 17, 0, 1.974662184715271
1162.256656, 17, 25, 1.6574583053588867
1166.555345, 17, 50, 1.702787160873413
1170.79537, 17, 75, 1.9893932342529297
1175.055746, 17, 100, 1.559095859527588
1180.16196, 17, 125, 1.6080394983291626
1184.547263, 17, 150, 2.1908817291259766
1188.774833, 17, 175, 1.8633553981781006
1193.040515, 17, 200, 1.7768155336380005
1197.88813, 17, 225, 1.6986143589019775
1202.130024, 17, 250, 1.6577808856964111
1206.415147, 17, 275, 1.8827792406082153
1210.662514, 17, 300, 1.8933597803115845
1215.066471, 17, 325, 1.7790391445159912
1219.411052, 17, 350, 1.9232707023620605
1223.731823, 17, 375, 2.104085922241211
1226.409235, 18, 0, 1.908111572265625
1230.913495, 18, 25, 1.6678017377853394
1235.160046, 18, 50, 1.5936615467071533
1239.467742, 18, 75, 1.79154634475708
1243.651045, 18, 100, 1.5778180360794067
1248.400273, 18, 125, 1.5179500579833984
1252.70179, 18, 150, 2.2583818435668945
1256.942106, 18, 175, 1.7929646968841553
1261.247039, 18, 200, 1.6753541231155396
1265.729932, 18, 225, 1.6387174129486084
1270.045448, 18, 250, 1.5616819858551025
1274.1979, 18, 275, 1.8183200359344482
1278.441066, 18, 300, 1.8770238161087036
1283.156556, 18, 325, 1.8125139474868774
1287.422466, 18, 350, 1.8892927169799805
1291.719138, 18, 375, 2.1081345081329346
1294.441726, 19, 0, 1.97675621509552
1299.334757, 19, 25, 1.7607131004333496
1303.606931, 19, 50, 1.5986883640289307
1307.742397, 19, 75, 1.807417631149292
1311.949961, 19, 100, 1.5688815116882324
1316.417937, 19, 125, 1.4218432903289795
1320.578757, 19, 150, 2.1712379455566406
1324.785223, 19, 175, 1.8237971067428589
1329.026951, 19, 200, 1.5733745098114014
1333.797464, 19, 225, 1.5943858623504639
1338.076202, 19, 250, 1.5843164920806885
1342.331099, 19, 275, 1.8977313041687012
1346.616097, 19, 300, 1.8357350826263428
1351.133269, 19, 325, 1.6955006122589111
1355.396466, 19, 350, 1.9486531019210815
1359.601134, 19, 375, 2.1335859298706055
1362.368002, 20, 0, 1.936786413192749
1366.833936, 20, 25, 1.8298096656799316
1371.05508, 20, 50, 1.709749460220337
1375.302385, 20, 75, 1.8101820945739746
1379.625447, 20, 100, 1.6042540073394775
1384.404624, 20, 125, 1.4297525882720947
1388.602441, 20, 150, 2.234208106994629
1392.739614, 20, 175, 1.7191717624664307
1397.12684, 20, 200, 1.6084599494934082
1402.240156, 20, 225, 1.524939775466919
1406.676933, 20, 250, 1.5447862148284912
1410.962768, 20, 275, 1.8434064388275146
1415.280707, 20, 300, 1.8024590015411377
1419.733841, 20, 325, 1.7469124794006348
1423.862993, 20, 350, 1.9053375720977783
1428.177184, 20, 375, 2.081745147705078
1430.885033, 21, 0, 1.8883655071258545
1435.73474, 21, 25, 1.7099063396453857
1439.961112, 21, 50, 1.5658679008483887
1444.196446, 21, 75, 1.7164185047149658
1448.46182, 21, 100, 1.5519390106201172
1453.172619, 21, 125, 1.4980392456054688
1457.417299, 21, 150, 2.1933932304382324
1461.743325, 21, 175, 1.7994189262390137
1465.872825, 21, 200, 1.7416088581085205
1470.385855, 21, 225, 1.4962401390075684
1474.590923, 21, 250, 1.5943242311477661
1478.851451, 21, 275, 1.8467655181884766
1483.207, 21, 300, 1.7336690425872803
1488.178063, 21, 325, 1.7073934078216553
1492.434522, 21, 350, 1.8429547548294067
1496.60318, 21, 375, 2.176218032836914
1499.3568, 22, 0, 1.8641148805618286
1504.052881, 22, 25, 1.6073510646820068
1508.247459, 22, 50, 1.4936076402664185
1512.538938, 22, 75, 1.8829054832458496
1516.73401, 22, 100, 1.5842764377593994
1521.266096, 22, 125, 1.5883641242980957
1525.44166, 22, 150, 2.120297908782959
1529.571163, 22, 175, 1.8447991609573364
1533.806726, 22, 200, 1.7383134365081787
1538.592837, 22, 225, 1.550303339958191
1542.900007, 22, 250, 1.6056244373321533
1547.090843, 22, 275, 1.858695387840271
1551.309005, 22, 300, 1.7980642318725586
1556.062667, 22, 325, 1.732862114906311
1560.29498, 22, 350, 1.7181106805801392
1564.547324, 22, 375, 2.091719150543213
1567.233654, 23, 0, 1.8813105821609497
1571.58074, 23, 25, 1.7412772178649902
1575.789499, 23, 50, 1.4463611841201782
1580.009203, 23, 75, 1.7769825458526611
1584.20841, 23, 100, 1.4906634092330933
1588.925844, 23, 125, 1.523958444595337
1593.216363, 23, 150, 2.077889919281006
1597.475943, 23, 175, 1.8728562593460083
1601.699798, 23, 200, 1.5619046688079834
1606.513715, 23, 225, 1.5127973556518555
1610.743614, 23, 250, 1.4934773445129395
1614.969452, 23, 275, 1.9354017972946167
1619.139405, 23, 300, 1.7226665019989014
1623.656489, 23, 325, 1.7659913301467896
1627.893687, 23, 350, 1.7591803073883057
1632.122488, 23, 375, 2.0378780364990234
1634.854598, 24, 0, 1.864007830619812
1639.458473, 24, 25, 1.6432507038116455
1643.659919, 24, 50, 1.5077660083770752
1647.940834, 24, 75, 1.720699667930603
1652.179476, 24, 100, 1.6024821996688843
1657.006377, 24, 125, 1.5049095153808594
1661.166152, 24, 150, 2.136281967163086
1665.313031, 24, 175, 1.6922205686569214
1669.570483, 24, 200, 1.5947904586791992
1674.095403, 24, 225, 1.381678819656372
1678.330127, 24, 250, 1.4860103130340576
1682.618729, 24, 275, 1.8719532489776611
1686.87371, 24, 300, 1.7095133066177368
1691.704335, 24, 325, 1.640031337738037
1695.966925, 24, 350, 1.7030889987945557
1700.197404, 24, 375, 2.113429546356201
1702.812597, 25, 0, 1.8090457916259766
1707.846473, 25, 25, 1.598055124282837
1712.382924, 25, 50, 1.5028645992279053
1716.821051, 25, 75, 1.6853678226470947
1720.993214, 25, 100, 1.4385534524917603
1725.363759, 25, 125, 1.4846428632736206
1729.606621, 25, 150, 2.2334938049316406
1733.790164, 25, 175, 1.8103662729263306
1738.075607, 25, 200, 1.5590019226074219
1742.781923, 25, 225, 1.5309818983078003
1746.977301, 25, 250, 1.5524263381958008
1751.28583, 25, 275, 1.8007529973983765
1755.545641, 25, 300, 1.5765860080718994
1760.338937, 25, 325, 1.664805293083191
1764.651181, 25, 350, 1.7844818830490112
1768.843383, 25, 375, 2.0068001747131348
1771.529983, 26, 0, 1.7986233234405518
1776.024881, 26, 25, 1.5640040636062622
1780.281914, 26, 50, 1.5835621356964111
1784.486293, 26, 75, 1.6892662048339844
1788.798175, 26, 100, 1.4419163465499878
1793.733517, 26, 125, 1.415954351425171
1797.951567, 26, 150, 2.0317368507385254
1802.074613, 26, 175, 1.7058775424957275
1806.334114, 26, 200, 1.6073063611984253
1810.911139, 26, 225, 1.3987805843353271
1815.174427, 26, 250, 1.506727695465088
1819.410613, 26, 275, 1.8943078517913818
1823.662755, 26, 300, 1.698327898979187
1828.198537, 26, 325, 1.6940712928771973
1832.445929, 26, 350, 1.7518470287322998
1836.69429, 26, 375, 1.960369348526001
1839.4289899999999, 27, 0, 1.703516960144043
1844.135752, 27, 25, 1.5302047729492188
1848.200774, 27, 50, 1.5498145818710327
1852.373201, 27, 75, 1.6187162399291992
1856.589427, 27, 100, 1.4574759006500244
1861.263228, 27, 125, 1.448354959487915
1865.426592, 27, 150, 2.018364429473877
1869.591193, 27, 175, 1.6141767501831055
1873.802319, 27, 200, 1.4481943845748901
1878.145722, 27, 225, 1.3889038562774658
1882.33557, 27, 250, 1.5509591102600098
1886.453706, 27, 275, 1.9580588340759277
1890.726338, 27, 300, 1.6149053573608398
1895.441099, 27, 325, 1.645827293395996
1899.6145099999999, 27, 350, 1.700283408164978
1903.850122, 27, 375, 2.1073713302612305
1906.557955, 28, 0, 1.7191754579544067
1911.354547, 28, 25, 1.539695143699646
1915.597943, 28, 50, 1.5172768831253052
1919.787762, 28, 75, 1.5983281135559082
1923.990074, 28, 100, 1.3859858512878418
1928.406871, 28, 125, 1.3835787773132324
1932.538906, 28, 150, 2.0822625160217285
1936.825101, 28, 175, 1.6366963386535645
1941.056886, 28, 200, 1.4781677722930908
1945.501561, 28, 225, 1.324441909790039
1949.710191, 28, 250, 1.3806438446044922
1953.923408, 28, 275, 1.8808163404464722
1958.202409, 28, 300, 1.6814002990722656
1962.7432019999999, 28, 325, 1.6559562683105469
1966.97072, 28, 350, 1.6385873556137085
1971.11681, 28, 375, 2.002690315246582
1973.748013, 29, 0, 1.7669949531555176
1978.219854, 29, 25, 1.5537166595458984
1982.254771, 29, 50, 1.5371451377868652
1986.434832, 29, 75, 1.6461652517318726
1990.499872, 29, 100, 1.4933089017868042
1995.313662, 29, 125, 1.5111491680145264
1999.449376, 29, 150, 1.95576012134552
2003.66534, 29, 175, 1.6551032066345215
2007.863344, 29, 200, 1.371884822845459
2012.608958, 29, 225, 1.2978637218475342
2016.918955, 29, 250, 1.5376769304275513
2021.297261, 29, 275, 1.7458118200302124
2025.725431, 29, 300, 1.5424823760986328
2030.201858, 29, 325, 1.674163818359375
2034.376115, 29, 350, 1.6577258110046387
2038.54871, 29, 375, 2.0157065391540527
