time, epoch, batch_idx, loss
0.25920400000000043, 0, 0, 6.925084114074707
4.337479999999999, 0, 25, 3.6125781536102295
7.971436000000001, 0, 50, 2.430398941040039
11.766623, 0, 75, 2.6043710708618164
15.454916, 0, 100, 2.3916821479797363
19.65367, 0, 125, 2.5271873474121094
23.252232, 0, 150, 2.3675835132598877
26.912273999999996, 0, 175, 2.4898438453674316
30.559700999999997, 0, 200, 2.3481953144073486
34.422924, 0, 225, 2.485494613647461
38.017013, 0, 250, 2.3310868740081787
41.586604, 0, 275, 2.5256643295288086
45.304563, 0, 300, 2.347813606262207
49.44393, 0, 325, 2.3939926624298096
53.136322, 0, 350, 2.3485844135284424
56.774474, 0, 375, 2.383401870727539
59.077014, 1, 0, 2.335251808166504
63.223856000000005, 1, 25, 2.455465078353882
66.840494, 1, 50, 2.3457326889038086
70.44752399999999, 1, 75, 2.395969867706299
74.095189, 1, 100, 2.2863049507141113
77.917047, 1, 125, 2.3633956909179688
81.625393, 1, 150, 2.279698133468628
85.379895, 1, 175, 2.3240582942962646
89.041336, 1, 200, 2.1421256065368652
93.24581699999999, 1, 225, 2.3649721145629883
96.89488499999999, 1, 250, 2.2189249992370605
100.502195, 1, 275, 2.2844395637512207
104.198872, 1, 300, 2.241051197052002
108.37348499999999, 1, 325, 2.2221696376800537
112.075561, 1, 350, 2.206575870513916
115.77879200000001, 1, 375, 2.1409130096435547
118.173103, 2, 0, 2.125910758972168
122.092613, 2, 25, 2.2919631004333496
125.74386799999999, 2, 50, 2.150697708129883
129.354768, 2, 75, 2.312892436981201
133.04022899999998, 2, 100, 2.1098990440368652
137.280735, 2, 125, 2.2650399208068848
140.900433, 2, 150, 2.0737364292144775
144.527529, 2, 175, 2.285548686981201
148.17791699999998, 2, 200, 2.0596418380737305
152.244982, 2, 225, 2.12507700920105
155.885159, 2, 250, 2.2083961963653564
159.492232, 2, 275, 2.1298227310180664
163.204399, 2, 300, 2.101548194885254
167.162593, 2, 325, 2.1827521324157715
170.81622099999998, 2, 350, 2.1411380767822266
174.55764499999998, 2, 375, 2.058910369873047
176.84396999999998, 3, 0, 2.0136704444885254
181.040269, 3, 25, 2.1667256355285645
184.672461, 3, 50, 2.027270555496216
188.367446, 3, 75, 2.1839070320129395
192.053314, 3, 100, 2.0495071411132812
196.243148, 3, 125, 2.196835517883301
199.863504, 3, 150, 1.91259765625
203.515267, 3, 175, 2.2304739952087402
207.200383, 3, 200, 1.9916036128997803
211.196094, 3, 225, 2.01755952835083
214.87585199999998, 3, 250, 2.0315654277801514
218.62436599999998, 3, 275, 1.9624031782150269
222.307941, 3, 300, 2.054962158203125
226.50245999999999, 3, 325, 2.024569034576416
230.160874, 3, 350, 2.03505539894104
233.83995, 3, 375, 2.097428798675537
236.12573799999998, 4, 0, 1.9597089290618896
240.204758, 4, 25, 1.9059686660766602
243.731397, 4, 50, 1.8887078762054443
247.323025, 4, 75, 1.9562032222747803
251.175123, 4, 100, 1.9946962594985962
255.34301000000002, 4, 125, 1.9081579446792603
259.190534, 4, 150, 1.8567028045654297
262.86451200000005, 4, 175, 1.900876760482788
266.54833, 4, 200, 1.8952323198318481
270.75259200000005, 4, 225, 1.7119364738464355
274.415472, 4, 250, 1.9356549978256226
278.088753, 4, 275, 1.8033087253570557
281.767781, 4, 300, 1.992940902709961
286.00608, 4, 325, 1.7736319303512573
289.648838, 4, 350, 1.9357728958129883
293.310471, 4, 375, 1.7817387580871582
295.61712400000005, 5, 0, 1.9445103406906128
299.56383600000004, 5, 25, 1.8439338207244873
303.207129, 5, 50, 1.8318054676055908
306.832645, 5, 75, 1.9628078937530518
310.472826, 5, 100, 1.8992066383361816
314.728902, 5, 125, 1.8993029594421387
318.57504900000004, 5, 150, 1.8080800771713257
322.316632, 5, 175, 1.8108108043670654
325.971229, 5, 200, 1.8312420845031738
330.198343, 5, 225, 1.7043485641479492
333.79298700000004, 5, 250, 1.902703046798706
337.397192, 5, 275, 1.741791844367981
341.10803100000004, 5, 300, 2.021477699279785
345.0326, 5, 325, 1.7090706825256348
348.658472, 5, 350, 1.9482142925262451
352.245782, 5, 375, 1.7189728021621704
354.56136300000003, 6, 0, 1.81234872341156
358.81341000000003, 6, 25, 1.8503779172897339
362.478001, 6, 50, 1.710477590560913
366.13079000000005, 6, 75, 1.9906589984893799
369.72179300000005, 6, 100, 1.8705846071243286
373.81046200000003, 6, 125, 1.8379347324371338
377.451957, 6, 150, 1.7835686206817627
381.111351, 6, 175, 1.8511474132537842
384.66432000000003, 6, 200, 1.6915690898895264
388.67805300000003, 6, 225, 1.7458243370056152
392.25104200000004, 6, 250, 1.8172236680984497
395.945309, 6, 275, 1.7633514404296875
399.608448, 6, 300, 1.919048547744751
403.750205, 6, 325, 1.7667912244796753
407.42347800000005, 6, 350, 1.9094805717468262
411.137228, 6, 375, 1.7428467273712158
413.484107, 7, 0, 1.8351819515228271
417.638844, 7, 25, 1.8374359607696533
421.310226, 7, 50, 1.7596282958984375
424.95941700000003, 7, 75, 2.0390000343322754
428.559975, 7, 100, 1.8510265350341797
432.519086, 7, 125, 1.7668689489364624
436.152644, 7, 150, 1.7523356676101685
439.824201, 7, 175, 1.8158073425292969
443.52839800000004, 7, 200, 1.7157206535339355
447.79335000000003, 7, 225, 1.6593685150146484
451.50155900000004, 7, 250, 1.8166135549545288
455.194516, 7, 275, 1.7166588306427002
458.892732, 7, 300, 1.745245099067688
463.189029, 7, 325, 1.634203553199768
466.864819, 7, 350, 1.8332245349884033
470.51367500000003, 7, 375, 1.740755319595337
472.859638, 8, 0, 1.8382236957550049
476.81989300000004, 8, 25, 1.797224998474121
480.58366800000005, 8, 50, 1.6656683683395386
484.291225, 8, 75, 2.092212677001953
488.001555, 8, 100, 1.794299602508545
491.972728, 8, 125, 1.7584373950958252
495.63038500000005, 8, 150, 1.7715131044387817
499.301693, 8, 175, 1.7726786136627197
502.993417, 8, 200, 1.6071805953979492
506.941173, 8, 225, 1.6333192586898804
510.555712, 8, 250, 1.7950236797332764
514.2221089999999, 8, 275, 1.6849181652069092
517.9008249999999, 8, 300, 1.7987933158874512
521.7948319999999, 8, 325, 1.6511039733886719
525.55912, 8, 350, 1.8879098892211914
529.302596, 8, 375, 1.6514742374420166
531.6873909999999, 9, 0, 1.6027686595916748
535.819115, 9, 25, 1.8288424015045166
539.58436, 9, 50, 1.5206794738769531
543.179456, 9, 75, 2.0055065155029297
546.883971, 9, 100, 1.6084121465682983
551.036254, 9, 125, 1.8012478351593018
554.702489, 9, 150, 1.5457888841629028
558.404332, 9, 175, 1.8171629905700684
562.227237, 9, 200, 1.4408867359161377
566.317042, 9, 225, 1.647900938987732
570.1842809999999, 9, 250, 1.5914099216461182
573.9332079999999, 9, 275, 1.609307050704956
577.654831, 9, 300, 1.5676995515823364
581.930352, 9, 325, 1.694042682647705
585.637517, 9, 350, 1.6260579824447632
589.273872, 9, 375, 1.6886088848114014
591.641769, 10, 0, 1.5876009464263916
595.843001, 10, 25, 1.7754576206207275
599.530485, 10, 50, 1.503759741783142
603.2571419999999, 10, 75, 2.0213279724121094
606.88024, 10, 100, 1.5949500799179077
610.868469, 10, 125, 1.7587212324142456
614.593341, 10, 150, 1.5197192430496216
618.200895, 10, 175, 1.836295485496521
622.034847, 10, 200, 1.426243543624878
626.452269, 10, 225, 1.6761791706085205
630.1891949999999, 10, 250, 1.5960628986358643
633.901299, 10, 275, 1.6913814544677734
637.543827, 10, 300, 1.5397419929504395
641.4740929999999, 10, 325, 1.6622607707977295
645.162385, 10, 350, 1.5847012996673584
648.839792, 10, 375, 1.700438141822815
651.2436829999999, 11, 0, 1.607466459274292
655.082173, 11, 25, 1.7634711265563965
658.772482, 11, 50, 1.503951072692871
662.368204, 11, 75, 2.0378568172454834
666.1082279999999, 11, 100, 1.604963779449463
670.309483, 11, 125, 1.7957758903503418
674.033607, 11, 150, 1.4800171852111816
677.7949669999999, 11, 175, 1.8510231971740723
681.5420859999999, 11, 200, 1.3987149000167847
685.7453069999999, 11, 225, 1.6204721927642822
689.4162269999999, 11, 250, 1.6118866205215454
693.143563, 11, 275, 1.5907955169677734
696.836791, 11, 300, 1.601057767868042
700.777519, 11, 325, 1.6249736547470093
704.4759449999999, 11, 350, 1.6078583002090454
708.150141, 11, 375, 1.6993227005004883
710.529808, 12, 0, 1.607336401939392
714.7603389999999, 12, 25, 1.724021315574646
718.47718, 12, 50, 1.5474331378936768
722.201062, 12, 75, 1.947845458984375
725.901482, 12, 100, 1.5781594514846802
730.090246, 12, 125, 1.6897804737091064
733.743482, 12, 150, 1.4946396350860596
737.352313, 12, 175, 1.8272106647491455
741.035346, 12, 200, 1.4249267578125
744.920483, 12, 225, 1.6776466369628906
748.675891, 12, 250, 1.6392152309417725
752.366753, 12, 275, 1.5925257205963135
756.0105639999999, 12, 300, 1.5560184717178345
760.182474, 12, 325, 1.6066064834594727
763.904586, 12, 350, 1.590506911277771
767.5502809999999, 12, 375, 1.6790233850479126
769.9194759999999, 13, 0, 1.6316927671432495
774.0660029999999, 13, 25, 1.7107490301132202
777.74234, 13, 50, 1.5590996742248535
781.438509, 13, 75, 1.975508451461792
785.060894, 13, 100, 1.6045681238174438
788.9319419999999, 13, 125, 1.6623867750167847
792.569634, 13, 150, 1.5369666814804077
796.298322, 13, 175, 1.8165154457092285
800.026932, 13, 200, 1.4081734418869019
804.271313, 13, 225, 1.6232255697250366
807.9030799999999, 13, 250, 1.5519644021987915
811.577036, 13, 275, 1.4669371843338013
815.242634, 13, 300, 1.5951265096664429
819.4224879999999, 13, 325, 1.6090803146362305
823.026884, 13, 350, 1.616781234741211
826.689565, 13, 375, 1.6905131340026855
828.9791359999999, 14, 0, 1.6674031019210815
832.9028119999999, 14, 25, 1.5908794403076172
836.588548, 14, 50, 1.5543975830078125
840.2942079999999, 14, 75, 1.6796984672546387
843.9898029999999, 14, 100, 1.537951946258545
848.277613, 14, 125, 1.5515282154083252
851.957045, 14, 150, 1.5558128356933594
855.664911, 14, 175, 1.5401666164398193
859.371465, 14, 200, 1.4379147291183472
863.62135, 14, 225, 1.379827618598938
867.289557, 14, 250, 1.528743028640747
871.0302849999999, 14, 275, 1.3093771934509277
874.9554559999999, 14, 300, 1.6005628108978271
878.9865599999999, 14, 325, 1.3796782493591309
882.6905409999999, 14, 350, 1.603745698928833
886.3552579999999, 14, 375, 1.491875410079956
888.672142, 15, 0, 1.61045503616333
892.889268, 15, 25, 1.5736875534057617
896.4921909999999, 15, 50, 1.561948537826538
900.216763, 15, 75, 1.6616973876953125
903.8053709999999, 15, 100, 1.5659022331237793
908.067292, 15, 125, 1.5052498579025269
911.648878, 15, 150, 1.5715824365615845
915.276756, 15, 175, 1.494614601135254
918.930394, 15, 200, 1.4160284996032715
922.893347, 15, 225, 1.451392650604248
926.4847209999999, 15, 250, 1.5227347612380981
930.262986, 15, 275, 1.2767423391342163
934.108165, 15, 300, 1.6063534021377563
938.3488229999999, 15, 325, 1.3698537349700928
942.044592, 15, 350, 1.4940797090530396
945.710299, 15, 375, 1.448350429534912
948.086835, 16, 0, 1.6122623682022095
952.098842, 16, 25, 1.613115668296814
955.799617, 16, 50, 1.4435250759124756
959.4294259999999, 16, 75, 1.762732982635498
963.0744659999999, 16, 100, 1.5827997922897339
966.9835449999999, 16, 125, 1.5105912685394287
970.661209, 16, 150, 1.6249738931655884
974.312988, 16, 175, 1.509612798690796
977.9455379999999, 16, 200, 1.401632308959961
982.159451, 16, 225, 1.4258191585540771
985.7974879999999, 16, 250, 1.5130395889282227
989.470773, 16, 275, 1.26832115650177
993.1295729999999, 16, 300, 1.5986483097076416
997.370993, 16, 325, 1.4270163774490356
1001.0297909999999, 16, 350, 1.476651668548584
1004.7456129999999, 16, 375, 1.4370579719543457
1007.096399, 17, 0, 1.59815514087677
1011.0047519999999, 17, 25, 1.6274402141571045
1014.5846899999999, 17, 50, 1.481199026107788
1018.195789, 17, 75, 1.7219994068145752
1021.8817829999999, 17, 100, 1.5304372310638428
1026.1474460000002, 17, 125, 1.5175952911376953
1029.861764, 17, 150, 1.5260710716247559
1033.501042, 17, 175, 1.561151146888733
1037.184708, 17, 200, 1.3527569770812988
1041.429685, 17, 225, 1.4123177528381348
1045.0739700000001, 17, 250, 1.48035728931427
1048.677257, 17, 275, 1.2528742551803589
1052.427739, 17, 300, 1.517317533493042
1056.335293, 17, 325, 1.4443073272705078
1060.013527, 17, 350, 1.4025342464447021
1063.6742570000001, 17, 375, 1.490556001663208
1066.0685930000002, 18, 0, 1.609773874282837
1070.2470480000002, 18, 25, 1.661733865737915
1073.8574760000001, 18, 50, 1.5492905378341675
1077.501103, 18, 75, 1.724047064781189
1081.189532, 18, 100, 1.4817328453063965
1085.3918110000002, 18, 125, 1.5503439903259277
1089.0262810000002, 18, 150, 1.5006637573242188
1092.7081400000002, 18, 175, 1.5301764011383057
1096.256744, 18, 200, 1.397834300994873
1100.1701520000001, 18, 225, 1.418415904045105
1103.8258990000002, 18, 250, 1.492079257965088
1107.4852170000001, 18, 275, 1.2634879350662231
1111.153084, 18, 300, 1.5015393495559692
1115.141391, 18, 325, 1.4649118185043335
1118.82439, 18, 350, 1.4434092044830322
1122.546437, 18, 375, 1.4999709129333496
1124.892572, 19, 0, 1.4340524673461914
1129.1363370000001, 19, 25, 1.7423794269561768
1132.817974, 19, 50, 1.2792818546295166
1136.4892260000001, 19, 75, 1.7791738510131836
1140.129527, 19, 100, 1.3096551895141602
1144.143544, 19, 125, 1.5702686309814453
1147.907897, 19, 150, 1.3064637184143066
1151.625194, 19, 175, 1.588484525680542
1155.302997, 19, 200, 1.2260348796844482
1159.482355, 19, 225, 1.3809809684753418
1163.215807, 19, 250, 1.3916215896606445
1166.8375250000001, 19, 275, 1.28248929977417
1170.5602740000002, 19, 300, 1.3300490379333496
1174.7443190000001, 19, 325, 1.4512349367141724
1178.4429, 19, 350, 1.302931785583496
1182.166478, 19, 375, 1.5161945819854736
1184.737393, 20, 0, 1.4241454601287842
1188.937009, 20, 25, 1.6867995262145996
1192.6434470000002, 20, 50, 1.2878302335739136
1196.284097, 20, 75, 1.791588544845581
1199.9606330000001, 20, 100, 1.302842140197754
1204.164097, 20, 125, 1.5468809604644775
1207.891131, 20, 150, 1.3081355094909668
1211.587015, 20, 175, 1.6304693222045898
1215.2844240000002, 20, 200, 1.2051849365234375
1219.542811, 20, 225, 1.3876386880874634
1223.2465570000002, 20, 250, 1.3774914741516113
1226.835385, 20, 275, 1.3603544235229492
1230.478319, 20, 300, 1.340489149093628
1234.53314, 20, 325, 1.4308602809906006
1238.4675630000002, 20, 350, 1.2947413921356201
1242.132014, 20, 375, 1.5771121978759766
1244.520033, 21, 0, 1.4366681575775146
1248.760684, 21, 25, 1.6389312744140625
1252.420139, 21, 50, 1.3463331460952759
1256.182549, 21, 75, 1.7437664270401
1259.862562, 21, 100, 1.3094979524612427
1264.001938, 21, 125, 1.6541600227355957
1267.5886400000002, 21, 150, 1.334564208984375
1271.189777, 21, 175, 1.6261930465698242
1274.90968, 21, 200, 1.2385098934173584
1278.798372, 21, 225, 1.4144139289855957
1282.4491010000002, 21, 250, 1.3878724575042725
1286.0645940000002, 21, 275, 1.3202569484710693
1289.709488, 21, 300, 1.3990216255187988
1293.860582, 21, 325, 1.4264171123504639
1297.5280950000001, 21, 350, 1.292567491531372
1301.1927620000001, 21, 375, 1.6203432083129883
1303.589435, 22, 0, 1.4761067628860474
1307.832394, 22, 25, 1.6190192699432373
1311.4800790000002, 22, 50, 1.3248231410980225
1315.1341550000002, 22, 75, 1.783921241760254
1318.7388170000002, 22, 100, 1.3493963479995728
1322.681116, 22, 125, 1.5970916748046875
1326.34951, 22, 150, 1.4206888675689697
1330.005981, 22, 175, 1.656801462173462
1333.68039, 22, 200, 1.24371337890625
1337.9641120000001, 22, 225, 1.451331615447998
1341.6875690000002, 22, 250, 1.4026775360107422
1345.253666, 22, 275, 1.2870543003082275
1348.932571, 22, 300, 1.4031778573989868
1352.9360860000002, 22, 325, 1.455260992050171
1356.6083290000001, 22, 350, 1.2884820699691772
1360.2788850000002, 22, 375, 1.5199247598648071
1362.639488, 23, 0, 1.4668437242507935
1366.4645830000002, 23, 25, 1.5649256706237793
1370.091312, 23, 50, 1.342423677444458
1373.842836, 23, 75, 1.7553669214248657
1377.539033, 23, 100, 1.3354628086090088
1381.72883, 23, 125, 1.6231590509414673
1385.29017, 23, 150, 1.3683679103851318
1388.943821, 23, 175, 1.6353209018707275
1392.696558, 23, 200, 1.2223899364471436
1396.872928, 23, 225, 1.411794662475586
1400.44433, 23, 250, 1.423980951309204
1404.1954010000002, 23, 275, 1.281118392944336
1407.8734880000002, 23, 300, 1.4678797721862793
1411.6819910000002, 23, 325, 1.441709041595459
1415.3202840000001, 23, 350, 1.2639447450637817
1419.024838, 23, 375, 1.4817100763320923
1421.380592, 24, 0, 1.4755566120147705
1425.3430720000001, 24, 25, 1.4607572555541992
1429.039078, 24, 50, 1.3879095315933228
1432.763684, 24, 75, 1.4968293905258179
1436.401664, 24, 100, 1.4617185592651367
1440.6251960000002, 24, 125, 1.410850167274475
1444.265484, 24, 150, 1.4807660579681396
1447.977529, 24, 175, 1.316279649734497
1451.700143, 24, 200, 1.2392349243164062
1455.683141, 24, 225, 1.1801683902740479
1459.3614890000001, 24, 250, 1.4194008111953735
1463.062842, 24, 275, 1.1291369199752808
1466.80638, 24, 300, 1.343509554862976
1471.066213, 24, 325, 1.268474817276001
1474.7901100000001, 24, 350, 1.2454701662063599
1478.595654, 24, 375, 1.2780872583389282
1480.9178670000001, 25, 0, 1.5083099603652954
1485.196561, 25, 25, 1.499016284942627
1488.9370000000001, 25, 50, 1.3655555248260498
1492.7485040000001, 25, 75, 1.5090030431747437
1496.594438, 25, 100, 1.3424577713012695
1500.808632, 25, 125, 1.414868712425232
1504.523926, 25, 150, 1.4841408729553223
1508.2189130000002, 25, 175, 1.3368512392044067
1511.860793, 25, 200, 1.263016939163208
1516.163464, 25, 225, 1.1913485527038574
1519.863121, 25, 250, 1.4363749027252197
1523.545462, 25, 275, 1.1024616956710815
1527.127236, 25, 300, 1.4048734903335571
1531.3274230000002, 25, 325, 1.2547165155410767
1534.9260960000001, 25, 350, 1.2399992942810059
1538.6546600000001, 25, 375, 1.314686894416809
1541.090676, 26, 0, 1.4824085235595703
1545.3229310000002, 26, 25, 1.3852038383483887
1549.034628, 26, 50, 1.427225112915039
1552.685792, 26, 75, 1.509984016418457
1556.4152940000001, 26, 100, 1.3527607917785645
1560.590214, 26, 125, 1.4132487773895264
1564.3060850000002, 26, 150, 1.5285003185272217
1567.992025, 26, 175, 1.3902292251586914
1571.640805, 26, 200, 1.1897478103637695
1575.8980900000001, 26, 225, 1.1824601888656616
1579.61308, 26, 250, 1.3619567155838013
1583.3228290000002, 26, 275, 1.0529389381408691
1586.978709, 26, 300, 1.4407730102539062
1590.9871810000002, 26, 325, 1.3025634288787842
1594.695465, 26, 350, 1.2224664688110352
1598.4432550000001, 26, 375, 1.3402788639068604
1600.7487390000001, 27, 0, 1.455606460571289
1605.053656, 27, 25, 1.4709882736206055
1608.668458, 27, 50, 1.360520839691162
1612.321156, 27, 75, 1.523544430732727
1615.994197, 27, 100, 1.3038514852523804
1620.2066200000002, 27, 125, 1.4707205295562744
1623.8160810000002, 27, 150, 1.4988878965377808
1627.4709710000002, 27, 175, 1.399849772453308
1631.1426330000002, 27, 200, 1.1888632774353027
1635.082296, 27, 225, 1.2290713787078857
1638.829987, 27, 250, 1.4090831279754639
1642.502322, 27, 275, 1.1140727996826172
1646.128825, 27, 300, 1.4244413375854492
1650.278234, 27, 325, 1.369194746017456
1654.004823, 27, 350, 1.275166392326355
1657.689464, 27, 375, 1.3084933757781982
1660.0808550000002, 28, 0, 1.4460785388946533
1664.221183, 28, 25, 1.501340627670288
1667.85128, 28, 50, 1.364508867263794
1671.499464, 28, 75, 1.6462265253067017
1675.227488, 28, 100, 1.2671043872833252
1679.0795110000001, 28, 125, 1.3724913597106934
1682.7942910000002, 28, 150, 1.4731980562210083
1686.3772490000001, 28, 175, 1.494527816772461
1690.0602700000002, 28, 200, 1.2671422958374023
1694.2198110000002, 28, 225, 1.1588172912597656
1698.007576, 28, 250, 1.3907086849212646
1701.668049, 28, 275, 1.0970311164855957
1705.3584, 28, 300, 1.3747353553771973
1709.652029, 28, 325, 1.300463080406189
1713.369734, 28, 350, 1.1952989101409912
1717.1055020000001, 28, 375, 1.3287016153335571
1719.4573730000002, 29, 0, 1.3052653074264526
1723.435897, 29, 25, 1.5137672424316406
1727.051565, 29, 50, 1.1606230735778809
1730.715719, 29, 75, 1.5737420320510864
1734.384505, 29, 100, 1.1725096702575684
1738.605, 29, 125, 1.4337166547775269
1742.273257, 29, 150, 1.123307466506958
1745.901722, 29, 175, 1.4935364723205566
1749.544396, 29, 200, 1.1463875770568848
1753.7558740000002, 29, 225, 1.2134811878204346
1757.385444, 29, 250, 1.2311490774154663
1761.070547, 29, 275, 1.0735280513763428
1764.801609, 29, 300, 1.214644432067871
1768.71917, 29, 325, 1.2895076274871826
1772.444406, 29, 350, 1.1388136148452759
1776.123636, 29, 375, 1.4047880172729492
