time, epoch, batch_idx, loss
0.18920899999999996, 0, 0, 6.919116497039795
4.815000000000001, 0, 25, 3.427158832550049
9.071406, 0, 50, 2.3960282802581787
13.238602, 0, 75, 2.4625353813171387
17.392815, 0, 100, 2.3505613803863525
22.172445, 0, 125, 2.4145045280456543
26.348559, 0, 150, 2.434061288833618
30.510634999999997, 0, 175, 2.3370978832244873
34.735946999999996, 0, 200, 2.3136844635009766
39.251158000000004, 0, 225, 2.3528311252593994
43.476330000000004, 0, 250, 2.289653778076172
47.700728999999995, 0, 275, 2.3115291595458984
51.939873000000006, 0, 300, 2.2772014141082764
56.823927999999995, 0, 325, 2.281301975250244
61.016142, 0, 350, 2.2102277278900146
65.189821, 0, 375, 2.184483051300049
67.88496099999999, 1, 0, 2.131070613861084
72.73643299999999, 1, 25, 2.1773674488067627
76.883892, 1, 50, 2.118830919265747
81.08559799999999, 1, 75, 2.2536542415618896
85.323376, 1, 100, 2.0924558639526367
89.836469, 1, 125, 2.0562963485717773
94.001037, 1, 150, 2.0327610969543457
98.191101, 1, 175, 2.0441062450408936
102.386696, 1, 200, 1.9786702394485474
107.07816, 1, 225, 1.9379003047943115
111.29454199999999, 1, 250, 1.9561848640441895
115.541281, 1, 275, 1.9754666090011597
119.650903, 1, 300, 1.9686726331710815
124.33982999999999, 1, 325, 1.9089164733886719
128.491825, 1, 350, 2.000817060470581
132.674922, 1, 375, 1.8908233642578125
135.427816, 2, 0, 2.0670948028564453
139.98556200000002, 2, 25, 2.0921239852905273
144.28065700000002, 2, 50, 1.9096193313598633
148.619222, 2, 75, 2.039217948913574
152.870696, 2, 100, 1.9898842573165894
157.680721, 2, 125, 1.875537633895874
161.91045100000002, 2, 150, 1.822095513343811
166.14346700000002, 2, 175, 1.9544847011566162
170.37742, 2, 200, 1.758991003036499
175.45643600000002, 2, 225, 1.790151596069336
180.018516, 2, 250, 1.7679036855697632
184.450104, 2, 275, 1.8261070251464844
188.709785, 2, 300, 1.8675774335861206
193.29818400000002, 2, 325, 1.8345155715942383
197.549901, 2, 350, 1.8396193981170654
201.768992, 2, 375, 1.8983643054962158
204.51551800000001, 3, 0, 1.8804562091827393
209.395203, 3, 25, 2.027261972427368
213.68879900000002, 3, 50, 1.776219367980957
218.054989, 3, 75, 1.959669828414917
222.28489000000002, 3, 100, 1.7991819381713867
227.07283, 3, 125, 1.829383134841919
231.36049300000002, 3, 150, 1.716761827468872
235.591067, 3, 175, 1.876560926437378
239.795476, 3, 200, 1.697413682937622
244.221168, 3, 225, 1.5659630298614502
248.558749, 3, 250, 1.682127594947815
252.890957, 3, 275, 1.6740832328796387
257.14849699999996, 3, 300, 1.7294163703918457
261.77268399999997, 3, 325, 1.7364082336425781
266.01726399999995, 3, 350, 1.795459270477295
270.317272, 3, 375, 1.8532159328460693
273.01926699999996, 4, 0, 1.7873880863189697
277.656854, 4, 25, 1.9429746866226196
281.971141, 4, 50, 1.7657902240753174
286.31971699999997, 4, 75, 1.9768741130828857
290.589231, 4, 100, 1.7580554485321045
294.948506, 4, 125, 1.7835561037063599
299.25388499999997, 4, 150, 1.6321971416473389
303.467195, 4, 175, 1.804085612297058
307.644725, 4, 200, 1.629868507385254
312.378856, 4, 225, 1.4903717041015625
316.638149, 4, 250, 1.6517930030822754
320.969332, 4, 275, 1.7292131185531616
325.243544, 4, 300, 1.6322991847991943
330.049621, 4, 325, 1.7097563743591309
334.286114, 4, 350, 1.8033019304275513
338.49554, 4, 375, 1.68890380859375
341.181831, 5, 0, 1.6993703842163086
345.737806, 5, 25, 1.812340497970581
350.003135, 5, 50, 1.6369298696517944
354.238932, 5, 75, 1.8654816150665283
358.58685199999996, 5, 100, 1.773772954940796
363.568657, 5, 125, 1.7458586692810059
367.87341299999997, 5, 150, 1.5749181509017944
372.152789, 5, 175, 1.7736685276031494
376.318801, 5, 200, 1.5113024711608887
380.792713, 5, 225, 1.4199912548065186
384.990821, 5, 250, 1.6654638051986694
389.232191, 5, 275, 1.6469368934631348
393.457266, 5, 300, 1.6110621690750122
397.813221, 5, 325, 1.637894630432129
402.089496, 5, 350, 1.6615030765533447
406.319319, 5, 375, 1.6097334623336792
408.949236, 6, 0, 1.656527042388916
413.66351399999996, 6, 25, 1.8398420810699463
417.90293099999997, 6, 50, 1.5651586055755615
422.174173, 6, 75, 1.819002628326416
426.46970899999997, 6, 100, 1.5722229480743408
431.199861, 6, 125, 1.70272958278656
435.43116599999996, 6, 150, 1.520855188369751
439.572953, 6, 175, 1.7041070461273193
443.853526, 6, 200, 1.452039122581482
448.18762399999997, 6, 225, 1.3690142631530762
452.42132, 6, 250, 1.5819300413131714
456.73164599999996, 6, 275, 1.4903202056884766
460.987398, 6, 300, 1.5529100894927979
465.653576, 6, 325, 1.6531298160552979
469.864577, 6, 350, 1.5981780290603638
474.068875, 6, 375, 1.514424204826355
476.763059, 7, 0, 1.615594744682312
481.538949, 7, 25, 1.778756856918335
486.02982099999997, 7, 50, 1.453871250152588
490.55181899999997, 7, 75, 1.799532175064087
494.94654499999996, 7, 100, 1.5534005165100098
499.437665, 7, 125, 1.6461610794067383
503.660282, 7, 150, 1.4968904256820679
507.938496, 7, 175, 1.640059232711792
512.202173, 7, 200, 1.3789849281311035
516.770195, 7, 225, 1.329566478729248
520.996077, 7, 250, 1.6166791915893555
525.241541, 7, 275, 1.4829405546188354
529.489795, 7, 300, 1.4590916633605957
534.324672, 7, 325, 1.694455862045288
538.603447, 7, 350, 1.5999912023544312
542.772551, 7, 375, 1.5225756168365479
545.492862, 8, 0, 1.5926315784454346
549.882871, 8, 25, 1.7759852409362793
554.077458, 8, 50, 1.377672553062439
558.283894, 8, 75, 1.7552258968353271
562.502002, 8, 100, 1.4285763502120972
567.3263509999999, 8, 125, 1.5625009536743164
571.578683, 8, 150, 1.5625863075256348
575.841805, 8, 175, 1.664534568786621
579.8485519999999, 8, 200, 1.3567111492156982
584.573799, 8, 225, 1.3152594566345215
588.819916, 8, 250, 1.5764623880386353
593.044233, 8, 275, 1.4153692722320557
597.276312, 8, 300, 1.4833099842071533
601.744748, 8, 325, 1.6154849529266357
605.992268, 8, 350, 1.5701887607574463
610.288542, 8, 375, 1.466054916381836
613.026251, 9, 0, 1.6029164791107178
617.522968, 9, 25, 1.724875569343567
621.83424, 9, 50, 1.3910549879074097
626.090755, 9, 75, 1.8052737712860107
630.376729, 9, 100, 1.3934624195098877
635.1803689999999, 9, 125, 1.6019017696380615
639.4572939999999, 9, 150, 1.5159778594970703
643.616546, 9, 175, 1.5719571113586426
647.8832629999999, 9, 200, 1.3297679424285889
652.388957, 9, 225, 1.2706093788146973
656.660311, 9, 250, 1.5241239070892334
660.961338, 9, 275, 1.3213015794754028
665.52984, 9, 300, 1.4058797359466553
670.451292, 9, 325, 1.5792322158813477
674.7777209999999, 9, 350, 1.5050556659698486
679.069829, 9, 375, 1.3947912454605103
681.814994, 10, 0, 1.5141750574111938
686.594741, 10, 25, 1.7549225091934204
690.872256, 10, 50, 1.3692257404327393
695.132125, 10, 75, 1.7213233709335327
699.352865, 10, 100, 1.4054484367370605
703.8237849999999, 10, 125, 1.5585827827453613
708.055399, 10, 150, 1.6097517013549805
712.258277, 10, 175, 1.5153415203094482
716.526128, 10, 200, 1.2817879915237427
721.3435089999999, 10, 225, 1.2282443046569824
725.560209, 10, 250, 1.4991271495819092
729.725977, 10, 275, 1.2872097492218018
734.028202, 10, 300, 1.3902592658996582
738.5582489999999, 10, 325, 1.5445163249969482
742.8221149999999, 10, 350, 1.4857807159423828
747.03459, 10, 375, 1.3862637281417847
749.756397, 11, 0, 1.4328272342681885
754.294855, 11, 25, 1.6389024257659912
758.537809, 11, 50, 1.3691575527191162
762.815776, 11, 75, 1.6468408107757568
767.094522, 11, 100, 1.295355200767517
771.957076, 11, 125, 1.6473525762557983
776.280295, 11, 150, 1.482990026473999
780.3942509999999, 11, 175, 1.4829730987548828
784.6493, 11, 200, 1.2293808460235596
789.513433, 11, 225, 1.177706241607666
793.949224, 11, 250, 1.5686209201812744
798.473614, 11, 275, 1.246976613998413
802.888653, 11, 300, 1.3498002290725708
807.253163, 11, 325, 1.456358551979065
811.471861, 11, 350, 1.4422874450683594
815.771623, 11, 375, 1.3652958869934082
818.522248, 12, 0, 1.509714126586914
823.313795, 12, 25, 1.5096744298934937
827.5926019999999, 12, 50, 1.3223015069961548
831.7911389999999, 12, 75, 1.6912636756896973
836.030276, 12, 100, 1.2948758602142334
840.861012, 12, 125, 1.5579829216003418
845.180538, 12, 150, 1.43768310546875
849.352759, 12, 175, 1.4481892585754395
853.636078, 12, 200, 1.18564772605896
858.148202, 12, 225, 1.1156058311462402
862.371044, 12, 250, 1.4792909622192383
866.571545, 12, 275, 1.2187026739120483
870.873116, 12, 300, 1.315558910369873
875.680713, 12, 325, 1.4402179718017578
879.9546379999999, 12, 350, 1.377408742904663
884.098077, 12, 375, 1.3661160469055176
886.740169, 13, 0, 1.4467017650604248
891.56511, 13, 25, 1.4812251329421997
895.79835, 13, 50, 1.243117332458496
899.974467, 13, 75, 1.5594892501831055
904.165943, 13, 100, 1.1750719547271729
908.623216, 13, 125, 1.5319254398345947
912.929687, 13, 150, 1.3600399494171143
917.216051, 13, 175, 1.4467782974243164
921.478885, 13, 200, 1.2159547805786133
926.2389519999999, 13, 225, 1.0659379959106445
930.4768839999999, 13, 250, 1.3875083923339844
934.743593, 13, 275, 1.1759142875671387
939.035804, 13, 300, 1.3336622714996338
943.863696, 13, 325, 1.4229600429534912
948.115536, 13, 350, 1.3496193885803223
952.2551109999999, 13, 375, 1.3541228771209717
954.971292, 14, 0, 1.4666321277618408
959.320695, 14, 25, 1.4714547395706177
963.474264, 14, 50, 1.2578790187835693
967.788231, 14, 75, 1.5415842533111572
972.298079, 14, 100, 1.1825764179229736
977.096063, 14, 125, 1.446923017501831
981.328127, 14, 150, 1.3409546613693237
985.565351, 14, 175, 1.4050943851470947
989.731899, 14, 200, 1.181969165802002
994.498217, 14, 225, 1.1373361349105835
998.7345829999999, 14, 250, 1.304509162902832
1002.88473, 14, 275, 1.203502893447876
1007.008423, 14, 300, 1.3359229564666748
1011.50441, 14, 325, 1.488344430923462
1015.786629, 14, 350, 1.3644275665283203
1020.0751200000001, 14, 375, 1.3172228336334229
1022.8049930000001, 15, 0, 1.4228057861328125
1027.613898, 15, 25, 1.4612829685211182
1031.9241120000002, 15, 50, 1.1755695343017578
1036.218722, 15, 75, 1.4693588018417358
1040.455678, 15, 100, 1.2139811515808105
1045.3548660000001, 15, 125, 1.452215313911438
1049.6321460000001, 15, 150, 1.2964187860488892
1053.9081270000001, 15, 175, 1.3768959045410156
1058.149862, 15, 200, 1.1322373151779175
1062.657966, 15, 225, 1.0739386081695557
1066.7159510000001, 15, 250, 1.317535638809204
1070.916584, 15, 275, 1.1637163162231445
1075.1760740000002, 15, 300, 1.3234004974365234
1079.735502, 15, 325, 1.371229887008667
1083.943598, 15, 350, 1.3116707801818848
1088.1892220000002, 15, 375, 1.3173835277557373
1090.830474, 16, 0, 1.4819483757019043
1095.705727, 16, 25, 1.3974261283874512
1099.869586, 16, 50, 1.2021656036376953
1104.272506, 16, 75, 1.4358503818511963
1108.7815030000002, 16, 100, 1.1193166971206665
1113.444305, 16, 125, 1.38700270652771
1117.671072, 16, 150, 1.310597538948059
1121.871053, 16, 175, 1.3874043226242065
1126.056147, 16, 200, 1.1474385261535645
1130.9369820000002, 16, 225, 1.1349728107452393
1135.1960760000002, 16, 250, 1.3113291263580322
1139.372366, 16, 275, 1.1417138576507568
1143.70026, 16, 300, 1.2753690481185913
1148.3037180000001, 16, 325, 1.492495059967041
1152.561341, 16, 350, 1.296183466911316
1156.7797790000002, 16, 375, 1.3520164489746094
1159.482443, 17, 0, 1.368112564086914
1163.933643, 17, 25, 1.41413152217865
1168.143908, 17, 50, 1.2042338848114014
1172.286532, 17, 75, 1.499983549118042
1176.60455, 17, 100, 1.1356086730957031
1181.2781770000001, 17, 125, 1.3686482906341553
1185.528818, 17, 150, 1.2822494506835938
1189.761667, 17, 175, 1.3185975551605225
1193.983746, 17, 200, 1.1353572607040405
1198.7741230000001, 17, 225, 1.1010127067565918
1203.08516, 17, 250, 1.2722296714782715
1207.398764, 17, 275, 1.0338013172149658
1211.721188, 17, 300, 1.209972858428955
1216.262694, 17, 325, 1.4224128723144531
1220.5553830000001, 17, 350, 1.2949965000152588
1224.801107, 17, 375, 1.3152353763580322
1227.525981, 18, 0, 1.3709948062896729
1232.4427030000002, 18, 25, 1.4113293886184692
1236.756206, 18, 50, 1.187558650970459
1240.946969, 18, 75, 1.3806723356246948
1245.174686, 18, 100, 1.1087403297424316
1250.039154, 18, 125, 1.3880444765090942
1254.3161200000002, 18, 150, 1.261941909790039
1258.5386190000002, 18, 175, 1.2802337408065796
1262.773555, 18, 200, 1.132387399673462
1267.305143, 18, 225, 1.0296778678894043
1271.6872560000002, 18, 250, 1.2311838865280151
1276.163802, 18, 275, 1.0444302558898926
1280.5837230000002, 18, 300, 1.2593539953231812
1285.1988840000001, 18, 325, 1.4057552814483643
1289.467906, 18, 350, 1.172365665435791
1293.7641680000002, 18, 375, 1.2537481784820557
1296.525873, 19, 0, 1.4313323497772217
1301.1907500000002, 19, 25, 1.350883960723877
1305.496171, 19, 50, 1.148855447769165
1309.727775, 19, 75, 1.3732352256774902
1313.966997, 19, 100, 1.0595238208770752
1318.3196670000002, 19, 125, 1.3674864768981934
1322.570725, 19, 150, 1.2348155975341797
1326.823983, 19, 175, 1.2955782413482666
1331.063284, 19, 200, 1.1325604915618896
1335.8551, 19, 225, 1.033224105834961
1340.1828850000002, 19, 250, 1.2365164756774902
1344.4605490000001, 19, 275, 0.9800351858139038
1348.722657, 19, 300, 1.1972293853759766
1353.518906, 19, 325, 1.356489896774292
1357.746382, 19, 350, 1.1251318454742432
1361.934195, 19, 375, 1.1823272705078125
1364.6902770000002, 20, 0, 1.4310003519058228
1369.258342, 20, 25, 1.355440378189087
1373.5597, 20, 50, 1.1944727897644043
1377.7946980000002, 20, 75, 1.3158457279205322
1382.0815890000001, 20, 100, 1.0953774452209473
1386.7128690000002, 20, 125, 1.3085142374038696
1390.9268020000002, 20, 150, 1.1734824180603027
1395.1719400000002, 20, 175, 1.301848292350769
1399.511054, 20, 200, 1.1608757972717285
1404.0666660000002, 20, 225, 1.0689857006072998
1408.323339, 20, 250, 1.202009916305542
1412.640181, 20, 275, 0.97194904088974
1417.2120160000002, 20, 300, 1.246370553970337
1422.046622, 20, 325, 1.3795406818389893
1426.3487280000002, 20, 350, 1.1323604583740234
1430.714205, 20, 375, 1.1735706329345703
1433.4977800000001, 21, 0, 1.415759801864624
1438.1738240000002, 21, 25, 1.3130254745483398
1442.440894, 21, 50, 1.1750531196594238
1446.680456, 21, 75, 1.3288841247558594
1450.917357, 21, 100, 1.0720980167388916
1455.720786, 21, 125, 1.2511950731277466
1459.947967, 21, 150, 1.1731793880462646
1464.255525, 21, 175, 1.2752779722213745
1468.5474760000002, 21, 200, 1.1221649646759033
1473.191688, 21, 225, 0.9954701662063599
1477.4588740000002, 21, 250, 1.172788381576538
1481.690135, 21, 275, 0.9453696012496948
1486.0131370000001, 21, 300, 1.2749719619750977
1490.8942690000001, 21, 325, 1.2851943969726562
1495.150217, 21, 350, 1.146902322769165
1499.463483, 21, 375, 1.1770479679107666
1502.2625950000001, 22, 0, 1.3508214950561523
1506.920419, 22, 25, 1.3473997116088867
1511.189613, 22, 50, 1.170484185218811
1515.4872360000002, 22, 75, 1.3216633796691895
1519.8231420000002, 22, 100, 1.0854170322418213
1524.3543020000002, 22, 125, 1.2573268413543701
1528.666459, 22, 150, 1.1206995248794556
1532.9344330000001, 22, 175, 1.2274270057678223
1537.2248000000002, 22, 200, 1.1159987449645996
1542.063401, 22, 225, 1.0251762866973877
1546.344931, 22, 250, 1.2116875648498535
1550.6378940000002, 22, 275, 0.9324202537536621
1554.931047, 22, 300, 1.2087867259979248
1559.784376, 22, 325, 1.241438627243042
1564.04834, 22, 350, 1.1406254768371582
1568.2738860000002, 22, 375, 1.1774134635925293
1570.996259, 23, 0, 1.35294508934021
1575.44908, 23, 25, 1.374991774559021
1579.850554, 23, 50, 1.1058950424194336
1584.4259450000002, 23, 75, 1.3439273834228516
1588.6804840000002, 23, 100, 1.1493502855300903
1593.260223, 23, 125, 1.2794013023376465
1597.4736690000002, 23, 150, 1.1425552368164062
1601.7427340000002, 23, 175, 1.226237416267395
1606.0628940000001, 23, 200, 1.1421313285827637
1610.7556180000001, 23, 225, 1.030919075012207
1614.9560720000002, 23, 250, 1.17897367477417
1619.1919030000001, 23, 275, 1.00389564037323
1623.502569, 23, 300, 1.349806547164917
1628.1641940000002, 23, 325, 1.2016717195510864
1632.4557570000002, 23, 350, 1.1723734140396118
1636.596117, 23, 375, 1.1045334339141846
1639.338259, 24, 0, 1.2899221181869507
1644.1713940000002, 24, 25, 1.308769941329956
1648.353301, 24, 50, 1.075528860092163
1652.647692, 24, 75, 1.3013622760772705
1656.924678, 24, 100, 1.1285219192504883
1661.756491, 24, 125, 1.257171630859375
1666.0682270000002, 24, 150, 1.106144666671753
1670.242606, 24, 175, 1.261674165725708
1674.569756, 24, 200, 1.015117883682251
1679.059647, 24, 225, 0.9968175292015076
1683.33184, 24, 250, 1.1354968547821045
1687.5706690000002, 24, 275, 0.9282069206237793
1691.794039, 24, 300, 1.190089225769043
1696.6279000000002, 24, 325, 1.194892168045044
1700.880355, 24, 350, 1.097548484802246
1705.1166110000001, 24, 375, 1.1222755908966064
1707.8645940000001, 25, 0, 1.3122692108154297
1712.4912760000002, 25, 25, 1.3582876920700073
1716.757272, 25, 50, 1.0819594860076904
1721.042913, 25, 75, 1.2999061346054077
1725.6006530000002, 25, 100, 1.073744773864746
1730.4752330000001, 25, 125, 1.2561099529266357
1734.806289, 25, 150, 1.0545536279678345
1739.10669, 25, 175, 1.1646685600280762
1743.4464070000001, 25, 200, 1.0556230545043945
1748.3846440000002, 25, 225, 0.9889436364173889
1752.5682920000002, 25, 250, 1.1224251985549927
1756.8284030000002, 25, 275, 0.95354163646698
1761.057647, 25, 300, 1.1873009204864502
1765.8410000000001, 25, 325, 1.1805475950241089
1770.109776, 25, 350, 1.1393771171569824
1774.4565650000002, 25, 375, 1.140604019165039
1777.174475, 26, 0, 1.3068469762802124
1781.6935700000001, 26, 25, 1.3803281784057617
1785.950603, 26, 50, 1.0780059099197388
1790.2189950000002, 26, 75, 1.1948716640472412
1794.357776, 26, 100, 1.0812286138534546
1799.2554770000002, 26, 125, 1.2866966724395752
1803.460542, 26, 150, 1.090389609336853
1807.768002, 26, 175, 1.189117670059204
1812.047096, 26, 200, 1.0514034032821655
1816.836242, 26, 225, 0.9624980092048645
1821.1143470000002, 26, 250, 1.1083793640136719
1825.362965, 26, 275, 0.946357250213623
1829.6872230000001, 26, 300, 1.173044204711914
1834.2949290000001, 26, 325, 1.1531686782836914
1838.576049, 26, 350, 1.162092685699463
1842.741876, 26, 375, 1.0822148323059082
1845.433655, 27, 0, 1.291601538658142
1850.2392360000001, 27, 25, 1.2565990686416626
1854.498565, 27, 50, 1.0813767910003662
1858.7955490000002, 27, 75, 1.2295160293579102
1862.978301, 27, 100, 1.1035568714141846
1867.776487, 27, 125, 1.2901628017425537
1872.001866, 27, 150, 1.0255403518676758
1876.301801, 27, 175, 1.1350748538970947
1880.4591990000001, 27, 200, 1.051297664642334
1884.937881, 27, 225, 0.9159574508666992
1889.44431, 27, 250, 1.0701333284378052
1893.690337, 27, 275, 0.9210569262504578
1897.9173810000002, 27, 300, 1.1826120615005493
1902.528285, 27, 325, 1.1422977447509766
1906.8373760000002, 27, 350, 1.1038687229156494
1911.1180200000001, 27, 375, 1.0993716716766357
1913.7949070000002, 28, 0, 1.2585060596466064
1918.6259590000002, 28, 25, 1.2541158199310303
1922.8534160000002, 28, 50, 1.0304765701293945
1927.0792720000002, 28, 75, 1.1636927127838135
1931.304695, 28, 100, 1.0423364639282227
1935.846246, 28, 125, 1.2383843660354614
1940.107837, 28, 150, 1.0289689302444458
1944.3032520000002, 28, 175, 1.1702144145965576
1948.606993, 28, 200, 1.0394318103790283
1953.2999730000001, 28, 225, 0.922101616859436
1957.623546, 28, 250, 1.0628399848937988
1961.8936760000001, 28, 275, 0.8759100437164307
1966.2393080000002, 28, 300, 1.1861298084259033
1970.7919570000001, 28, 325, 1.1383724212646484
1975.007808, 28, 350, 1.0754493474960327
1979.275474, 28, 375, 1.1090389490127563
1982.059007, 29, 0, 1.2420716285705566
1986.6196040000002, 29, 25, 1.2210016250610352
1990.886708, 29, 50, 1.0133640766143799
1995.208153, 29, 75, 1.2691047191619873
1999.426903, 29, 100, 1.020002841949463
2004.207184, 29, 125, 1.180889368057251
2008.396195, 29, 150, 1.0237677097320557
2012.659713, 29, 175, 1.1010916233062744
2016.981614, 29, 200, 1.0456814765930176
2021.468081, 29, 225, 0.9200785160064697
2025.7147360000001, 29, 250, 1.0390570163726807
2029.870091, 29, 275, 0.8946325778961182
2034.3415400000001, 29, 300, 1.1203784942626953
2039.114098, 29, 325, 1.1468675136566162
2043.512152, 29, 350, 1.0838603973388672
2047.77069, 29, 375, 1.1235233545303345
