time, epoch, batch_idx, loss
0.19009700000000063, 0, 0, 6.889843940734863
5.129141000000001, 0, 25, 3.537895679473877
9.424676, 0, 50, 2.451220989227295
13.966433, 0, 75, 2.3960342407226562
18.248948, 0, 100, 2.3377268314361572
22.990132000000003, 0, 125, 2.421743869781494
27.279601999999997, 0, 150, 2.401669979095459
31.123941000000002, 0, 175, 2.3207716941833496
35.228708, 0, 200, 2.3238415718078613
39.630049, 0, 225, 2.307335138320923
44.091065, 0, 250, 2.241879463195801
48.616482999999995, 0, 275, 2.2269787788391113
53.165802, 0, 300, 2.2718563079833984
57.788928, 0, 325, 2.184553623199463
62.175796, 0, 350, 2.2096610069274902
66.55919200000001, 0, 375, 2.120161533355713
69.28248400000001, 1, 0, 2.2109806537628174
73.938023, 1, 25, 2.2199296951293945
77.930476, 1, 50, 2.074551582336426
82.31127400000001, 1, 75, 2.139814853668213
86.608277, 1, 100, 2.093003273010254
90.81081800000001, 1, 125, 2.1200766563415527
94.84544000000001, 1, 150, 2.093961238861084
99.19750400000001, 1, 175, 2.049712657928467
103.54960100000001, 1, 200, 2.02604341506958
108.390584, 1, 225, 1.9182733297348022
112.587359, 1, 250, 1.933587908744812
116.925127, 1, 275, 1.98148775100708
121.438023, 1, 300, 1.9925572872161865
125.94040600000001, 1, 325, 1.941591501235962
130.030861, 1, 350, 1.931909441947937
134.532126, 1, 375, 1.9906041622161865
137.139351, 2, 0, 2.083676815032959
141.62716, 2, 25, 2.0214052200317383
145.424937, 2, 50, 1.7897441387176514
149.91998999999998, 2, 75, 2.038027286529541
154.252458, 2, 100, 1.8667609691619873
158.86094699999998, 2, 125, 2.0351803302764893
163.32063599999998, 2, 150, 1.815051555633545
167.619336, 2, 175, 1.9117367267608643
171.65735899999999, 2, 200, 1.758122205734253
176.418127, 2, 225, 1.6836265325546265
180.64015999999998, 2, 250, 1.761926531791687
184.728565, 2, 275, 1.7078778743743896
188.95554199999998, 2, 300, 1.8964829444885254
193.565362, 2, 325, 1.7646607160568237
198.00448599999999, 2, 350, 1.8429386615753174
202.547162, 2, 375, 1.7999753952026367
205.34701099999998, 3, 0, 1.764789342880249
209.791177, 3, 25, 1.8809535503387451
213.65082999999998, 3, 50, 1.6295613050460815
218.300414, 3, 75, 1.9198062419891357
222.852484, 3, 100, 1.8265571594238281
227.609782, 3, 125, 1.8472490310668945
231.831112, 3, 150, 1.8033020496368408
236.255551, 3, 175, 1.7759953737258911
240.833673, 3, 200, 1.5621635913848877
245.420781, 3, 225, 1.5798866748809814
249.922963, 3, 250, 1.6615849733352661
254.198001, 3, 275, 1.61477792263031
258.588573, 3, 300, 1.8250601291656494
262.71963, 3, 325, 1.6712331771850586
266.68601, 3, 350, 1.766463279724121
270.591766, 3, 375, 1.6789088249206543
273.314205, 4, 0, 1.6801000833511353
278.211694, 4, 25, 1.8102185726165771
282.849806, 4, 50, 1.5324020385742188
287.61551000000003, 4, 75, 1.9031238555908203
292.159753, 4, 100, 1.7362854480743408
296.93298100000004, 4, 125, 1.7329015731811523
301.201935, 4, 150, 1.6336573362350464
305.31329900000003, 4, 175, 1.743873119354248
309.27431900000005, 4, 200, 1.5897815227508545
314.190281, 4, 225, 1.550840973854065
318.67967300000004, 4, 250, 1.5684900283813477
322.594492, 4, 275, 1.5696320533752441
326.870938, 4, 300, 1.7622572183609009
331.567625, 4, 325, 1.5936923027038574
335.83152, 4, 350, 1.7462292909622192
340.27736000000004, 4, 375, 1.7151222229003906
342.835865, 5, 0, 1.6223628520965576
347.173155, 5, 25, 1.8269224166870117
351.642536, 5, 50, 1.4924211502075195
355.960623, 5, 75, 1.8980085849761963
360.361761, 5, 100, 1.5701360702514648
365.06982400000004, 5, 125, 1.6636443138122559
369.435633, 5, 150, 1.5583019256591797
373.634923, 5, 175, 1.6359598636627197
377.74520900000005, 5, 200, 1.5208640098571777
382.32133200000004, 5, 225, 1.4984071254730225
386.572788, 5, 250, 1.590252161026001
390.80406300000004, 5, 275, 1.4096901416778564
395.439098, 5, 300, 1.557517647743225
400.03413, 5, 325, 1.5843007564544678
404.48138400000005, 5, 350, 1.6919455528259277
408.588229, 5, 375, 1.7066274881362915
411.24246600000004, 6, 0, 1.5510077476501465
415.86019500000003, 6, 25, 1.7590248584747314
420.31909, 6, 50, 1.3924589157104492
424.70310900000004, 6, 75, 1.8509113788604736
429.124674, 6, 100, 1.5137571096420288
434.030239, 6, 125, 1.5691349506378174
438.570124, 6, 150, 1.4844961166381836
442.909843, 6, 175, 1.674505352973938
447.261704, 6, 200, 1.4665528535842896
451.656104, 6, 225, 1.4010790586471558
455.684006, 6, 250, 1.532857894897461
460.007022, 6, 275, 1.4042730331420898
464.17386500000003, 6, 300, 1.4799277782440186
468.726654, 6, 325, 1.5123887062072754
473.198589, 6, 350, 1.654937982559204
477.762904, 6, 375, 1.6492998600006104
480.39698200000004, 7, 0, 1.4588954448699951
484.94897000000003, 7, 25, 1.7872886657714844
489.368263, 7, 50, 1.3360837697982788
493.59456400000005, 7, 75, 1.9376418590545654
497.953435, 7, 100, 1.5709011554718018
502.77362, 7, 125, 1.594937801361084
507.14064200000007, 7, 150, 1.4005382061004639
511.46270300000003, 7, 175, 1.5983638763427734
515.523197, 7, 200, 1.4478440284729004
520.251448, 7, 225, 1.3658809661865234
524.656261, 7, 250, 1.4451029300689697
528.963822, 7, 275, 1.3419781923294067
533.176908, 7, 300, 1.4710454940795898
537.769095, 7, 325, 1.6325962543487549
542.346041, 7, 350, 1.4848768711090088
546.775075, 7, 375, 1.4835190773010254
549.555055, 8, 0, 1.5082296133041382
554.2397940000001, 8, 25, 1.7793262004852295
558.486347, 8, 50, 1.3544634580612183
562.843175, 8, 75, 1.7668118476867676
566.913666, 8, 100, 1.4862587451934814
571.4407630000001, 8, 125, 1.5118544101715088
575.811489, 8, 150, 1.3759539127349854
580.0404980000001, 8, 175, 1.5689090490341187
583.8222420000001, 8, 200, 1.4432075023651123
588.755023, 8, 225, 1.3574259281158447
593.2780720000001, 8, 250, 1.3840911388397217
598.039443, 8, 275, 1.3459134101867676
602.700242, 8, 300, 1.4310609102249146
607.066994, 8, 325, 1.6764910221099854
610.800891, 8, 350, 1.477168321609497
615.463629, 8, 375, 1.3710061311721802
618.333558, 9, 0, 1.5444375276565552
623.0543650000001, 9, 25, 1.7139432430267334
627.199437, 9, 50, 1.277585744857788
631.027293, 9, 75, 1.6946666240692139
635.0941700000001, 9, 100, 1.4230103492736816
639.857645, 9, 125, 1.5037205219268799
644.166832, 9, 150, 1.3636502027511597
648.409116, 9, 175, 1.5288925170898438
652.863931, 9, 200, 1.3393080234527588
657.548086, 9, 225, 1.2841176986694336
662.1167330000001, 9, 250, 1.400113821029663
666.7199810000001, 9, 275, 1.1884701251983643
671.119562, 9, 300, 1.3533393144607544
675.830089, 9, 325, 1.6313729286193848
680.3193200000001, 9, 350, 1.429192304611206
684.397751, 9, 375, 1.375759482383728
687.060102, 10, 0, 1.4849411249160767
691.76829, 10, 25, 1.6771639585494995
696.038093, 10, 50, 1.2469016313552856
700.2644730000001, 10, 75, 1.647665023803711
704.702295, 10, 100, 1.3528242111206055
709.350939, 10, 125, 1.494362473487854
713.524838, 10, 150, 1.3660430908203125
718.145199, 10, 175, 1.4556907415390015
722.213561, 10, 200, 1.3772530555725098
726.8863630000001, 10, 225, 1.2750117778778076
730.992657, 10, 250, 1.3767939805984497
735.438835, 10, 275, 1.219170331954956
739.974587, 10, 300, 1.3248538970947266
744.9812390000001, 10, 325, 1.4858877658843994
749.724122, 10, 350, 1.409303903579712
754.262333, 10, 375, 1.3487002849578857
757.124906, 11, 0, 1.4543794393539429
762.02187, 11, 25, 1.5546766519546509
766.539795, 11, 50, 1.2100863456726074
771.026018, 11, 75, 1.6973583698272705
775.596237, 11, 100, 1.297063946723938
780.3085560000001, 11, 125, 1.4308867454528809
784.726955, 11, 150, 1.291924238204956
789.126264, 11, 175, 1.4246159791946411
793.3759190000001, 11, 200, 1.3473782539367676
798.009178, 11, 225, 1.2716853618621826
802.211638, 11, 250, 1.3566821813583374
805.96208, 11, 275, 1.2141480445861816
810.3366960000001, 11, 300, 1.2851452827453613
814.5348700000001, 11, 325, 1.5513134002685547
818.689288, 11, 350, 1.3556302785873413
822.97407, 11, 375, 1.2850009202957153
825.7873030000001, 12, 0, 1.4298932552337646
830.501422, 12, 25, 1.6078436374664307
834.464734, 12, 50, 1.2323942184448242
838.855178, 12, 75, 1.64768648147583
843.111896, 12, 100, 1.206726312637329
847.378387, 12, 125, 1.3885843753814697
851.676318, 12, 150, 1.3362467288970947
856.098845, 12, 175, 1.4050660133361816
860.590355, 12, 200, 1.2978771924972534
865.153507, 12, 225, 1.2730412483215332
869.611246, 12, 250, 1.2813520431518555
874.192532, 12, 275, 1.194547176361084
878.795133, 12, 300, 1.2574310302734375
883.486696, 12, 325, 1.4642858505249023
887.994504, 12, 350, 1.3390307426452637
892.457323, 12, 375, 1.2624199390411377
895.43121, 13, 0, 1.4321610927581787
900.591433, 13, 25, 1.5809321403503418
905.1862590000001, 13, 50, 1.244412899017334
909.70548, 13, 75, 1.5888478755950928
914.025429, 13, 100, 1.2386951446533203
918.738886, 13, 125, 1.3643434047698975
923.450247, 13, 150, 1.3569116592407227
927.968605, 13, 175, 1.394509196281433
932.427018, 13, 200, 1.2488479614257812
937.26269, 13, 225, 1.2397717237472534
941.519713, 13, 250, 1.3345682621002197
945.803969, 13, 275, 1.1678084135055542
950.222627, 13, 300, 1.2410128116607666
954.792765, 13, 325, 1.447486400604248
959.2778500000001, 13, 350, 1.2942025661468506
964.0077620000001, 13, 375, 1.2656044960021973
966.918501, 14, 0, 1.457136631011963
971.60711, 14, 25, 1.5088567733764648
975.6956670000001, 14, 50, 1.217268466949463
980.215047, 14, 75, 1.5783803462982178
984.532693, 14, 100, 1.1977689266204834
989.282652, 14, 125, 1.4102163314819336
993.593879, 14, 150, 1.4160785675048828
998.078199, 14, 175, 1.3412566184997559
1002.666838, 14, 200, 1.2703404426574707
1007.873341, 14, 225, 1.188143014907837
1012.068921, 14, 250, 1.2777483463287354
1016.288035, 14, 275, 1.1703810691833496
1020.6675210000001, 14, 300, 1.2437447309494019
1025.26948, 14, 325, 1.3274827003479004
1029.797996, 14, 350, 1.2378449440002441
1033.867137, 14, 375, 1.2551382780075073
1036.767967, 15, 0, 1.4809319972991943
1041.339898, 15, 25, 1.515012502670288
1046.099488, 15, 50, 1.166581392288208
1050.827636, 15, 75, 1.5016857385635376
1055.135499, 15, 100, 1.1772629022598267
1059.924776, 15, 125, 1.386465311050415
1064.425389, 15, 150, 1.2935748100280762
1068.956512, 15, 175, 1.2983081340789795
1073.31291, 15, 200, 1.2108174562454224
1077.766339, 15, 225, 1.1608911752700806
1081.990618, 15, 250, 1.2184195518493652
1086.5059860000001, 15, 275, 1.1150622367858887
1090.86573, 15, 300, 1.2136993408203125
1095.763414, 15, 325, 1.329649567604065
1100.306756, 15, 350, 1.2448699474334717
1104.499373, 15, 375, 1.2053489685058594
1107.199803, 16, 0, 1.498360276222229
1111.582559, 16, 25, 1.4981290102005005
1115.76716, 16, 50, 1.1622766256332397
1120.231158, 16, 75, 1.4322645664215088
1124.541701, 16, 100, 1.1871695518493652
1129.373, 16, 125, 1.3995963335037231
1133.934554, 16, 150, 1.2690634727478027
1138.210037, 16, 175, 1.293473720550537
1142.59233, 16, 200, 1.2574257850646973
1147.204295, 16, 225, 1.1219213008880615
1151.607813, 16, 250, 1.2880816459655762
1155.764119, 16, 275, 1.155649185180664
1160.13411, 16, 300, 1.283989667892456
1164.82328, 16, 325, 1.3042010068893433
1169.161026, 16, 350, 1.2215371131896973
1173.554039, 16, 375, 1.2110785245895386
1176.489177, 17, 0, 1.3803738355636597
1181.0217890000001, 17, 25, 1.4782861471176147
1185.285959, 17, 50, 1.1036112308502197
1189.803355, 17, 75, 1.4393843412399292
1194.435672, 17, 100, 1.1491869688034058
1199.3000690000001, 17, 125, 1.3211345672607422
1203.540193, 17, 150, 1.1976169347763062
1208.092806, 17, 175, 1.3333733081817627
1212.805258, 17, 200, 1.2554669380187988
1217.7831860000001, 17, 225, 1.1034494638442993
1222.081351, 17, 250, 1.2019543647766113
1226.281057, 17, 275, 1.1085259914398193
1230.65426, 17, 300, 1.1816293001174927
1235.500491, 17, 325, 1.2534205913543701
1239.800706, 17, 350, 1.210855484008789
1244.215134, 17, 375, 1.1626050472259521
1246.871889, 18, 0, 1.401517629623413
1251.771132, 18, 25, 1.4817719459533691
1256.081635, 18, 50, 1.1182770729064941
1260.662473, 18, 75, 1.4423983097076416
1265.034313, 18, 100, 1.131165862083435
1269.830472, 18, 125, 1.3322868347167969
1274.32219, 18, 150, 1.237088680267334
1278.562844, 18, 175, 1.2857253551483154
1282.916312, 18, 200, 1.2385796308517456
1287.1922730000001, 18, 225, 1.1018434762954712
1291.782588, 18, 250, 1.1834197044372559
1295.8932790000001, 18, 275, 1.137650728225708
1300.646223, 18, 300, 1.1363990306854248
1305.244897, 18, 325, 1.2592942714691162
1309.542335, 18, 350, 1.2075568437576294
1313.931409, 18, 375, 1.1429691314697266
1316.795809, 19, 0, 1.343508005142212
1321.378841, 19, 25, 1.476912260055542
1325.752771, 19, 50, 1.1247174739837646
1330.095512, 19, 75, 1.3452930450439453
1334.604501, 19, 100, 1.1420929431915283
1339.129218, 19, 125, 1.3683091402053833
1343.453834, 19, 150, 1.2127470970153809
1348.177277, 19, 175, 1.2657251358032227
1352.784247, 19, 200, 1.2272313833236694
1357.503609, 19, 225, 1.0868675708770752
1361.906526, 19, 250, 1.1784573793411255
1366.111432, 19, 275, 1.0796220302581787
1370.04058, 19, 300, 1.2014009952545166
1374.539909, 19, 325, 1.190002202987671
1378.570445, 19, 350, 1.240977168083191
1383.219291, 19, 375, 1.1552363634109497
1385.903256, 20, 0, 1.3176382780075073
1390.57958, 20, 25, 1.4311749935150146
1394.909238, 20, 50, 1.1258082389831543
1399.301643, 20, 75, 1.3334746360778809
1403.817425, 20, 100, 1.1496268510818481
1408.514212, 20, 125, 1.4078433513641357
1412.945336, 20, 150, 1.185645341873169
1417.376631, 20, 175, 1.2264810800552368
1421.697234, 20, 200, 1.2784690856933594
1425.92841, 20, 225, 1.1016077995300293
1430.104842, 20, 250, 1.1244268417358398
1434.55526, 20, 275, 1.0780504941940308
1438.590832, 20, 300, 1.1414339542388916
1443.094358, 20, 325, 1.1931021213531494
1447.46882, 20, 350, 1.2065303325653076
1451.9117820000001, 20, 375, 1.1589761972427368
1454.836266, 21, 0, 1.303926944732666
1459.528448, 21, 25, 1.404997706413269
1463.937146, 21, 50, 1.0845909118652344
1468.293421, 21, 75, 1.365173578262329
1472.869611, 21, 100, 1.1346991062164307
1477.352626, 21, 125, 1.3502484560012817
1481.673597, 21, 150, 1.199256420135498
1486.174055, 21, 175, 1.195658802986145
1490.494991, 21, 200, 1.1214286088943481
1495.180145, 21, 225, 1.0172581672668457
1499.603588, 21, 250, 1.139064908027649
1504.147997, 21, 275, 1.013388752937317
1508.672902, 21, 300, 1.1245476007461548
1513.254738, 21, 325, 1.1822212934494019
1517.866446, 21, 350, 1.2316005229949951
1522.4776630000001, 21, 375, 1.1003003120422363
1525.3535140000001, 22, 0, 1.2638837099075317
1530.268834, 22, 25, 1.4116554260253906
1534.47696, 22, 50, 1.0688135623931885
1538.885212, 22, 75, 1.3548660278320312
1543.151772, 22, 100, 1.1232340335845947
1547.591703, 22, 125, 1.3554019927978516
1551.776371, 22, 150, 1.1725116968154907
1555.582572, 22, 175, 1.196372151374817
1559.98461, 22, 200, 1.09031081199646
1564.772892, 22, 225, 1.0436145067214966
1569.484975, 22, 250, 1.0865627527236938
1573.804957, 22, 275, 1.0409001111984253
1578.002141, 22, 300, 1.0325239896774292
1582.831568, 22, 325, 1.2044726610183716
1587.114576, 22, 350, 1.1748030185699463
1591.582922, 22, 375, 1.063601016998291
1594.3361850000001, 23, 0, 1.2302792072296143
1599.116493, 23, 25, 1.4220211505889893
1603.441072, 23, 50, 1.0902941226959229
1607.935571, 23, 75, 1.3167941570281982
1612.218559, 23, 100, 1.115764856338501
1616.919362, 23, 125, 1.353562593460083
1621.226728, 23, 150, 1.1432547569274902
1625.592423, 23, 175, 1.1787697076797485
1629.99957, 23, 200, 1.1106146574020386
1634.565941, 23, 225, 1.0237791538238525
1638.553783, 23, 250, 1.0505585670471191
1642.985141, 23, 275, 1.0350854396820068
1647.4369080000001, 23, 300, 1.0574023723602295
1652.017873, 23, 325, 1.1896690130233765
1656.363039, 23, 350, 1.193880319595337
1660.650948, 23, 375, 1.1062629222869873
1663.502119, 24, 0, 1.208196997642517
1668.229052, 24, 25, 1.398658037185669
1672.486733, 24, 50, 1.0805152654647827
1676.949465, 24, 75, 1.341022253036499
1681.351883, 24, 100, 1.1279160976409912
1686.198583, 24, 125, 1.3673105239868164
1689.790052, 24, 150, 1.08381187915802
1694.183626, 24, 175, 1.2223942279815674
1698.624695, 24, 200, 1.0635558366775513
1703.049813, 24, 225, 1.012125015258789
1707.302399, 24, 250, 1.1187489032745361
1711.669425, 24, 275, 1.0090515613555908
1716.135326, 24, 300, 1.0244507789611816
1720.43532, 24, 325, 1.1775972843170166
1724.844763, 24, 350, 1.0944535732269287
1729.389608, 24, 375, 1.0328872203826904
1732.1910110000001, 25, 0, 1.203423023223877
1736.856375, 25, 25, 1.3855817317962646
1741.478828, 25, 50, 1.0924631357192993
1746.234044, 25, 75, 1.3057429790496826
1750.46315, 25, 100, 1.0875813961029053
1755.009722, 25, 125, 1.34025239944458
1759.309055, 25, 150, 1.1527676582336426
1763.602387, 25, 175, 1.1717474460601807
1767.791723, 25, 200, 1.0776257514953613
1772.35259, 25, 225, 1.000078558921814
1776.846125, 25, 250, 1.0303330421447754
1780.897814, 25, 275, 0.9361792802810669
1785.585149, 25, 300, 0.9676610827445984
1790.339694, 25, 325, 1.2051665782928467
1794.607362, 25, 350, 1.1372835636138916
1799.120353, 25, 375, 1.0586239099502563
1801.966303, 26, 0, 1.2274980545043945
1806.678504, 26, 25, 1.3663647174835205
1810.9092210000001, 26, 50, 1.074378252029419
1814.902569, 26, 75, 1.29988694190979
1819.063972, 26, 100, 1.1385107040405273
1823.870186, 26, 125, 1.2694013118743896
1828.496758, 26, 150, 1.0777016878128052
1833.071308, 26, 175, 1.2235989570617676
1837.306001, 26, 200, 1.0533087253570557
1841.296963, 26, 225, 0.9583594799041748
1845.5412840000001, 26, 250, 1.0345616340637207
1849.502804, 26, 275, 0.947644829750061
1853.854267, 26, 300, 0.9445582628250122
1858.670946, 26, 325, 1.1352756023406982
1862.915854, 26, 350, 1.1333973407745361
1867.566957, 26, 375, 1.0178751945495605
1870.434704, 27, 0, 1.2177066802978516
1875.319775, 27, 25, 1.3661136627197266
1879.404028, 27, 50, 1.0756844282150269
1883.810428, 27, 75, 1.2385797500610352
1888.231564, 27, 100, 1.1031100749969482
1892.927416, 27, 125, 1.2612735033035278
1897.399605, 27, 150, 1.1175193786621094
1901.841238, 27, 175, 1.168148159980774
1906.495757, 27, 200, 1.0567480325698853
1911.306995, 27, 225, 1.0008893013000488
1915.488836, 27, 250, 1.0107249021530151
1919.853866, 27, 275, 0.8957396745681763
1924.171264, 27, 300, 0.9530339241027832
1928.888403, 27, 325, 1.1556267738342285
1933.05306, 27, 350, 1.1457602977752686
1937.448924, 27, 375, 1.0536854267120361
1940.120382, 28, 0, 1.2166244983673096
1945.030132, 28, 25, 1.3282041549682617
1949.4341670000001, 28, 50, 1.0392476320266724
1953.659668, 28, 75, 1.1771959066390991
1958.390402, 28, 100, 1.0494340658187866
1962.6068010000001, 28, 125, 1.2282280921936035
1966.651944, 28, 150, 1.1188488006591797
1970.970242, 28, 175, 1.1339528560638428
1975.328986, 28, 200, 1.0470277070999146
1979.903287, 28, 225, 0.955628514289856
1984.2472030000001, 28, 250, 0.9682087302207947
1988.668622, 28, 275, 0.9014569520950317
1993.047558, 28, 300, 1.0023373365402222
1997.9815760000001, 28, 325, 1.1077004671096802
2002.110911, 28, 350, 1.0912961959838867
2006.595581, 28, 375, 0.9942789077758789
2009.489012, 29, 0, 1.2402586936950684
2014.08367, 29, 25, 1.403041124343872
2018.523617, 29, 50, 1.034151315689087
2022.623277, 29, 75, 1.216459035873413
2026.7448180000001, 29, 100, 1.0560857057571411
2031.329723, 29, 125, 1.2442760467529297
2035.466876, 29, 150, 1.1303870677947998
2039.631354, 29, 175, 1.168590784072876
2044.021416, 29, 200, 0.9972866177558899
2048.684937, 29, 225, 0.98048996925354
2053.015448, 29, 250, 0.932950496673584
2057.044226, 29, 275, 0.903415322303772
2061.579537, 29, 300, 0.9234656691551208
2066.273242, 29, 325, 1.2013170719146729
2070.535473, 29, 350, 1.1055974960327148
2074.979091, 29, 375, 1.01350736618042
